16.9408 5.61005
1.456 7.702
0.776677 3.65433
24.1885 0.845222
14.69 2.561
24.2453 8.29294
9.219 3.904
23.0925 4.13031
11.4669 3.81081
11.4721 6.61525
8.837 5.872
21.0727 3.14175
7.276 9.669
10.174 1.153
2.11521 7.26402
13.3071 8.60091
21.782 2.031
20.5117 9.27786
2.58063 11.5351
4.92543 5.48981
21.0041 6.0667
23.1737 8.04372
19.1986 1.7654
24.908 3.742
21.3508 2.57488
0.626753 10.5599
23.3879 6.33362
3.405 8.525
4.01052 6.53922
20.566 9.228
5.14529 3.7211
19.0393 1.44009
22.729 1.12
24.4005 7.57101
13.443 6.7
5.68531 1.53405
2.80831 3.91921
0.589222 0.658604
23.9351 10.8728
19.7201 4.06352
17.9022 3.39096
8.53041 6.73972
1.40619 10.8218
19.045 0.716
19.2532 1.15808
16.6741 11.0442
0.307198 4.1451
5.724 3.791
1.207 12.621
9.806 6.671
11.2728 3.04513
14.9512 6.20899
18.6482 1.2268
8.191 4.76
11.9326 6.0011
17.08 7.412
20.034 8.73
22.134 0.970795
22.953 1.329
5.61481 8.87389
10.7836 6.93623
20.9936 6.29969
13.619 1.806
20.0974 11.1113
6.25564 4.66132
23.537 2.621
18.9866 0.0329278
0.762 8.297
3.73927 10.9152
9.19987 7.0351
1.22213 3.28829
9.82866 7.53578
22.1642 3.09153
7.04637 11.6577
16.7142 4.91771
12.0578 2.73991
10.6665 2.53547
15.594 0.105
13.8226 2.36249
17.9858 5.55203
24.1285 10.4094
3.193 8.883
5.07635 11.0057
14.825 10.508
3.86962 1.92422
13.812 0.525
17.9459 10.744
0.627642 5.36703
9.839 2.766
5.85563 1.16429
24.709 2.85708
24.123 0.624
14.331 7.078
7.602 4.397
24.728 3.128
21.0546 6.00199
18.672 3.157
23.7986 0.185781
4.90402 11.2499
0.24991 10.9056
12.7787 4.35213
19.943 8.651
17.0111 9.94795
5.11428 2.19014
2.53 11.823
1.9102 6.16679
14.355 0.956
18.112 5.886
22.7967 8.39958
7.145 9.41
20.4043 7.85412
19.2536 11.2275
7.25445 4.25654
7.48484 11.9669
9.97996 6.05275
4.93 5.937
1.05553 11.1734
11.17 3.784
8.31009 9.42115
19.4261 2.00206
9.68351 2.18895
3.45546 10.0063
19.4106 5.90348
22.1495 8.50208
9.91474 7.35568
14.9856 9.03987
7.48583 0.843868
6.72918 3.79442
5.1236 5.25182
11.106 8.723
14.4678 8.80199
16.4408 5.43437
3.84251 8.03284
5.19894 10.5417
8.747 2.362
2.09531 5.46509
6.121 5.494
15.6436 3.8808
10.2432 3.35286
19.3163 8.46712
15.8475 3.75847
7.87863 11.335
2.81597 5.72044
0.536892 0.452322
13.7152 1.21225
3.663 7.51
9.20994 8.15344
22.503 9.716
20.3051 5.41319
0.291972 7.74849
16.629 6.17581
22.85 9.744
12.5548 3.54713
2.65835 10.3999
2.91584 1.08575
1.81437 8.91269
7.83511 10.5393
8.926 5.64
20.4423 0.188438
5.79499 1.59789
16.3612 0.768572
7.30037 1.35611
11.3804 2.83003
21.2806 6.88227
21.293 11.377
3.32851 12.5514
8.45821 11.3885
18.633 5.602
4.09697 1.80352
8.585 7.69
0.543 11.993
23.118 10.113
5.89334 10.9905
19.8546 6.38034
11.9238 9.45741
4.84862 0.923885
8.39801 7.25693
14.93 8.313
4.84747 7.89339
23.4063 2.34038
4.06111 2.46677
3.7566 6.76709
23.025 10.069
15.3693 3.9584
1.912 11.222
3.33469 8.06532
8.215 9.929
3.31487 11.7701
8.568 9.738
8.296 5.037
16.8582 8.48674
0.91861 0.545704
8.5626 2.70654
17.186 1.537
11.466 0.714
21.816 8.357
18.096 2.114
7.151 3.144
14.1047 8.56537
13.978 5.852
10.8793 12.3291
19.5581 6.76749
17.817 10.937
23.5242 9.07538
16.9859 6.92271
14.6596 0.256741
13.625 0.837
4.97546 0.148094
3.92859 5.77972
16.41 0.63
11.566 3.064
3.69253 2.33467
10.6913 5.04449
10.0792 9.50643
2.971 8.656
23.7981 9.41018
15.3991 8.82652
16.7289 5.85675
20.4915 2.12068
5.18445 6.45693
24.4151 1.92075
21.615 4.179
12.835 8.173
8.78981 12.4794
21.8386 6.91981
11.1482 10.9744
12.1609 1.4066
11.4745 10.9335
20.8142 8.45707
19.6599 9.43042
17.1508 2.65333
10.134 5.02159
10.105 0.363
1.143 11.751
10.8009 2.97814
21.8109 1.15918
16.1133 11.0414
7.546 2.167
18.0213 0.516262
17.4184 7.17334
19.537 4.932
16.683 11.39
16.8195 5.69915
15.0754 4.01462
1.59999 12.6601
14.929 7.18
12.9045 5.53807
19.619 1.073
24.0067 11.0402
9.612 0.652
13.7281 11.6732
0.806385 8.49369
15.6569 7.215
24.325 4.365
2.29346 11.4158
4.71693 5.49417
20.3579 8.25628
24.073 0.75
22.841 2.823
6.899 2.54
19.685 0.039
1.46527 0.429476
4.38519 7.48332
11.9441 7.18824
14.6736 6.13531
23.8533 2.55288
11.2213 2.50605
10.817 6.12
9.17906 11.0191
4.20847 8.08129
6.609 3.419
0.647 12.39
18.7513 0.47344
8.726 2.502
4.44559 9.28769
13.7312 0.0515423
18.783 1.607
19.319 6.542
9.961 8.869
7.7682 8.45731
3.283 4.78544
0.546106 7.4268
21.6638 2.61547
17.423 9.89
5.92185 6.06133
7.82403 9.48481
8.312 2.114
12.2835 4.4638
24.2887 3.16346
16.704 6.489
8.75725 0.475063
0.597 2.044
13.8639 7.29805
6.53102 4.86194
1.766 9.652
17.2757 6.17488
4.37978 7.39929
10.794 8.951
24.658 3.092
14.1145 2.48229
18.439 5.257
14.0642 6.05575
14.9349 11.8656
2.821 11.991
16.296 0.076
9.027 0.948
4.041 10.948
8.91462 9.1624
9.40222 4.25504
8.44846 5.62758
15.1962 10.1364
16.1956 5.25508
22.122 4.887
23.8857 8.99272
4.7004 7.64301
4.62126 2.70809
0.936029 6.37391
16.119 0.87862
14.684 7.254
19.6295 2.56226
9.995 5.821
2.36199 5.57929
13.5737 0.956236
6.45579 4.27357
3.27357 12.0933
22.5306 1.80931
6.33 5.03
4.50641 7.16849
5.39162 9.64618
17.03 11.668
6.426 7.907
3.89516 8.76216
12.7153 8.59215
1.59475 6.10715
18.7572 1.24414
7.963 2.751
22.375 8.313
0.643166 7.27925
8.28373 9.62892
14.3859 11.6332
11.859 6.598
17.446 0.0773802
19.063 6.364
9.115 10.296
18.608 11.322
1.21176 5.47813
6.75833 7.43026
4.556 7.737
0.914852 6.8013
17.2799 2.16656
0.074317 9.82874
16.951 6.239
17.561 10.54
20.366 7.91063
6.503 10.92
3.35594 9.53426
17.531 4.487
22.166 9.683
24.1724 7.93539
7.05221 1.32246
8.93314 9.0063
12.4503 7.36981
23.2368 2.83319
12.8772 1.45428
2.27298 7.45582
10.992 3.01927
6.845 4.401
23.412 2.649
16.6723 6.88853
17.7058 12.0138
23.8345 8.32701
18.3 2.456
18.229 8.21842
18.119 3.829
18.3672 11.9138
23.091 6.904
22.486 1.168
13.4712 7.12846
1.32823 6.49634
14.7946 1.55575
11.129 1.122
15.5239 9.75751
18.979 11.251
18.155 4.431
5.599 7.322
20.263 2.088
23.451 1.056
6.52709 9.64879
20.145 9.936
8.472 1.51
12.76 8.104
12.535 5.326
24.3366 9.55039
23.306 9.755
10.811 3.932
18.1327 0.828423
16.9075 4.22577
9.587 6.475
14.578 7.447
15.2451 9.50863
11.5758 0.917076
6.02695 8.36382
19.503 10.127
18.0972 5.05408
22.082 3.755
10.229 2.6
10.047 7.279
16.5388 0.464134
12.096 6.572
11.3147 8.39323
23.703 0.499
14.272 4.66031
20.5875 2.37041
5.46093 11.6013
4.23616 0.379926
7.542 3.477
10.048 12.259
6.3624 6.40725
4.189 7.942
19.0672 10.7383
6.02006 4.01838
19.4658 5.76677
3.499 10.326
13.803 1.787
23.9959 11.0839
0.783981 4.899
16.2933 5.47918
16.4462 9.75651
17.481 1.118
11.6571 12.2457
7.01878 8.01326
10.7164 8.85238
1.553 2.476
1.82143 12.4566
10.643 0.976
19.921 2.051
0.449785 10.4668
3.15462 12.0731
14.98 3.934
11.9493 3.99011
6.22935 8.54834
1.12294 9.81161
0.567 11.954
23.3219 5.36611
12.0285 4.94931
22.911 9.739
14.5498 5.28248
0.166294 8.94349
22.8369 2.99028
5.30169 3.13728
0.44203 1.61339
10.7252 0.0286026
15.4962 1.04768
6.111 3.89009
5.14734 2.34257
9.24869 3.53939
17.8481 3.97526
19.8625 11.4781
20.6574 10.0784
8.627 4.628
10.354 4.191
11.675 6.57983
17.974 0.348507
6.07584 8.81119
0.216 8.749
22.676 4.138
11.2048 10.9512
2.7195 4.02123
4.28415 3.79062
11.8186 12.3581
10.3028 3.66429
24.578 11.511
22.7693 9.85381
3.15887 7.38195
23.9673 0.671406
10.0596 5.41839
0.212044 6.79122
24.1059 4.91806
18.21 1.12
5.56194 2.12159
15.698 4.3019
1.26653 4.81793
7.86266 9.1366
9.85115 3.77307
13.1914 10.7368
4.99562 8.08467
23.9972 5.55373
9.21215 9.29781
15.1127 3.32881
7.904 6.881
13.5944 5.01191
7.0444 7.13834
24.0523 1.27802
8.80523 4.6533
10.2906 8.45627
5.111 6.524
8.35377 2.78281
20.688 8.91
16.2047 7.74353
21.4873 1.97194
5.08 7.246
5.70419 2.06237
4.10278 6.90676
5.80547 4.41662
4.57524 4.96227
8.71608 1.03122
9.49476 5.37167
19.814 0.689
7.935 2.791
21.434 0.139
2.54092 11.5585
12.757 1.744
10.9936 5.25238
7.49563 4.7436
24.7292 10.9657
16.419 1.763
4.554 11.104
11.4181 10.5316
17.316 2.574
2.39796 1.98594
7.79155 7.31491
3.21 6.899
22.629 4.34
6.104 3.164
18.5781 2.49753
7.41831 3.18968
6.97304 11.4772
8.316 2.048
16.3092 8.33151
18.9873 8.52921
9.075 7.535
10.699 0.217
20.7066 8.05879
6.084 2.671
5.20248 10.3004
22.6284 3.17997
6.23102 4.35732
23.2324 6.27447
8.61607 7.47457
17.486 2.401
18.5328 8.42785
20.3063 4.62718
13.761 0.983
13.5509 5.33367
12.3227 0.591772
17.934 10.964
10.4569 4.3863
5.421 9.082
3.75178 2.73399
6.53168 5.66721
15.482 2.814
21.8699 6.20717
14.6659 8.35443
7.78861 5.64863
20.5449 8.94472
14.9042 10.7331
16.2466 7.3157
14.1089 1.55139
22.549 0.206
22.193 6.64
19.6129 7.89925
14.401 5.175
5.32 3.156
23.0126 9.02304
23.3735 6.22618
22.844 11.7914
8.58489 12.1368
14.765 9.1799
5.13 11.309
6.1478 7.41818
6.38224 6.54672
1.086 11.949
7.88512 0.878134
1.591 3.137
4.05384 8.68816
20.3286 5.01919
15.059 5.79209
19.0564 3.55949
10.8715 1.5788
23.5502 4.53372
6.82314 8.1922
6.19544 11.1602
7.72 6.414
1.65775 3.24306
17.082 3.441
4.62897 1.62497
21.3084 10.0071
0.935982 9.81257
3.63311 7.67143
16.1347 3.02055
9.075 5.358
8.60077 8.98595
2.211 8.697
15.455 2.056
16.841 8.86806
11.277 6.26723
17.0026 7.93052
10.431 6.399
19.7653 5.55979
18.085 4.854
16.9499 5.43666
11.6073 8.90439
13.6506 8.9398
7.74222 7.29933
5.498 3.105
0.0929165 1.12599
21.4326 2.85762
21.946 7.965
3.997 11.441
10.8375 7.90061
3.33031 1.33987
17.363 8.792
20.1932 8.39224
2.04111 8.35871
13.1484 8.8674
7.347 7.773
10.3276 6.72507
5.07873 8.03427
24.3889 1.154
8.515 8.448
3.81497 8.20756
12.521 9.472
8.38054 5.7947
2.01157 0.477699
3.02558 5.97233
22.0912 0.632334
6.29533 5.03811
0.2981 3.11777
22.9652 8.20795
6.61346 3.12334
10.3612 12.2118
5.81457 8.91537
18.938 5.323
2.26658 1.35987
8.973 6.046
5.42384 4.20892
5.26813 4.77718
24.2402 5.28145
8.03991 7.43362
19.7722 6.3893
6.31197 5.50902
8.623 10.455
16.501 6.168
16.2279 8.38313
11.055 8.499
15.692 8.47481
7.811 1.132
0.972948 1.44734
9.28323 11.9222
13.116 8.047
4.2772 5.12361
3.34167 5.26367
12.9838 6.25177
3.88991 1.30922
5.36385 9.27334
12.798 5.637
9.55081 5.65679
23.7111 4.17137
11.5481 1.75264
8.29154 0.104368
21.3222 2.58753
1.74755 3.96173
17.163 11.242
6.38 5.97641
5.505 5.712
5.37093 2.32434
10.26 1.60452
3.66866 10.5192
19.2838 5.2725
3.14874 5.58835
9.89262 5.86452
5.98201 6.4958
5.49527 2.87093
21.9649 3.6365
4.347 10.297
24.9298 0.182423
1.32801 1.89415
17.6087 8.21719
5.86489 10.5722
11.765 4.149
7.17728 0.641108
14.561 5.568
16.4308 5.77102
11.379 2.482
14.7336 2.68135
2.39026 11.8866
1.48622 0.846262
13.3156 4.84794
8.62273 11.692
19.039 8.868
1.96889 0.423557
24.2539 1.19863
8.82977 3.05366
7.116 10.65
7.501 9.724
16.5217 10.8096
4.831 11.012
13.7297 0.87542
20.28 2.661
14.614 4.59308
8.80657 5.34097
0.769 1.626
8.2024 1.27671
8.145 3.031
2.29895 10.9942
13.6052 3.59124
23.279 8.931
5.364 9.429
12.3375 5.03643
7.31093 9.3704
22.6312 6.68873
15.0621 7.83435
14.54 3.21044
9.546 4.782
10.8593 5.20882
8.84751 9.12593
13.2116 7.17292
21.244 7.677
8.036 5.343
22.2576 2.07702
7.325 5.217
10.4877 4.48924
9.23 5.517
14.8218 2.70005
6.014 6.311
8.64902 1.95449
24.4705 6.37785
6.92534 6.29272
18.6454 4.21584
23.1627 8.62486
23.393 2.8002
16.5995 4.20261
19.5271 7.08024
16.1628 11.7131
18.4082 8.99534
10.9419 1.18282
16.101 0.533
24.5896 5.64141
17.529 10.621
9.64232 11.6893
17.2659 8.58842
16.468 10.983
9.44822 10.1708
12.4901 7.25188
15.3429 0.302917
18.536 1.516
12.138 7.144
17.526 6.075
16.828 11.565
22.549 10.733
15.771 9.883
7.39238 9.11108
24.1808 4.50719
8.917 4.023
4.90084 3.26628
0.267636 5.0153
1.498 1.873
12.606 2.93
21.4773 3.21237
23.195 5.143
12.544 7.402
11.425 4.23
24.703 0.436
8.17148 3.66447
3.05774 5.54169
15.8446 6.53052
3.2639 9.51886
23.529 1.013
8.415 8.329
12.559 0.05
4.34243 2.9439
19.7158 11.1981
10.5161 6.57988
20.4236 3.35773
18.7566 4.23507
11.2799 1.97256
6.02427 10.0672
23.9418 3.52433
11.665 9.486
21.0153 4.8635
23.9339 0.144949
9.80192 0.518391
12.707 2.379
4.25781 5.65992
9.09023 5.82403
8.04673 0.889141
6.75992 2.94512
12.0402 3.7498
20.0475 8.64146
10.2786 6.24702
24.044 2.884
5.24772 3.59507
15.6394 4.9375
24.3856 4.25301
21.9191 8.86742
8.47868 1.55993
11.556 5.763
6.13259 8.94191
24.9954 9.98299
21.8513 9.09356
12.1681 5.78873
14.5688 9.57445
11.4731 6.34354
11.881 8.443
14.206 1.52
12.06 4.31356
0.718 8.82
16.7691 4.45972
13.7433 6.88029
0.896691 12.5614
13.002 3.385
6.29443 7.67856
3.06418 9.30956
22.254 10.771
22.7045 4.68004
24.118 6.112
21.8629 2.5071
14.367 2.026
12.5911 0.846352
9.893 0.573
16.308 10.941
17.0924 1.70901
16.5216 3.28567
10.6997 1.84386
0.54824 10.8073
4.43089 11.3714
6.76875 5.11457
5.091 4.362
20.971 10.5244
12.0009 6.48608
3.25895 6.84058
7.226 5.748
17.159 9.681
4.10863 5.42908
15.3964 3.79517
12.3706 8.09564
23.77 10.89
13.9928 3.64642
9.88 3.767
16.8436 6.13365
22.266 2.516
22.437 6.715
8.09043 1.03668
10.062 2.335
13.225 4.556
3.48166 11.4744
9.14493 11.9789
3.90431 9.56789
14.1962 6.72742
2.147 0.381
4.30454 0.235216
4.34539 8.10093
13.9471 5.64981
15.1537 5.85454
17.589 5.28296
18.4985 8.40857
13.791 9.499
9.88 2.612
2.09286 3.72692
10.737 5.74164
4.39595 1.53687
20.5075 0.973595
22.7632 11.5802
7.682 5.925
16.5802 3.79268
21.7182 1.97792
1.37831 2.1008
10.6808 6.08819
24.9879 8.18664
6.44755 9.57915
24.0618 10.0759
22.82 7.65315
5.887 5.679
17.6701 3.74083
19.804 9.838
16.625 2.976
10.6864 9.40384
22.0524 10.8141
22.741 3.588
20.6016 9.36189
21.943 4.958
18.9085 7.19929
3.05659 9.43602
10.3321 7.19211
6.06299 8.75668
9.27232 6.90134
7.31603 11.4741
2.07182 5.56172
9.24591 4.61325
20.8523 6.91215
24.513 6.53334
0.639777 7.35679
20.1019 11.9669
9.29606 0.732758
7.25 9.009
14.2566 11.4123
11.526 5.2914
18.1897 5.58191
6.78322 11.2852
17.072 11.374
24.5675 12.1584
13.859 5.8
16.6956 7.06142
8.06723 10.7141
13.7559 6.44251
3.28573 4.36738
23.725 3.852
21.015 0.628311
16.89 5.826
12.2599 2.34455
19.566 11.203
11.2334 7.10238
23.4111 9.41899
22.8073 8.23374
20.7323 2.59924
1.11621 11.4185
2.736 8.884
7.73399 9.88113
14.6326 5.12262
2.905 9.929
21.9262 2.28569
18.079 2.49
9.68863 4.0115
11.849 4.963
15.0848 3.7116
19.6966 1.32179
19.1805 11.6727
17.1189 11.5066
6.798 7.749
10.5799 6.56896
12.807 0.156866
18.883 2.348
3.35901 9.23656
8.41565 8.05218
2.29178 6.16041
20.6933 9.82664
7.01984 3.05605
15.7636 10.0642
19.5622 7.63335
17.44 11.509
21.913 1.29093
5.8515 3.97866
7.80379 8.3089
4.32742 5.67972
10.5164 10.2805
18.0313 11.2209
11.1577 2.7443
1.33126 1.63138
3.98895 0.313848
1.38941 0.237499
12.6529 10.8695
8.96871 4.94085
7.75 5.787
20.731 1.327
21.164 8.074
11.3772 4.56392
2.184 10.934
6.43698 5.86182
6.8006 10.0885
20.499 10.3221
6.45297 5.84813
4.02108 2.75758
18.7177 9.45894
22.833 10.538
14.5706 0.985233
17.053 3.484
16.76 9.814
7.11694 7.34779
14.516 8.174
18.6492 0.67958
23.534 2.763
20.865 3.77606
3.08794 7.82262
22.403 3.754
13.568 6.736
8.35135 10.7984
1.90962 6.19701
24.0146 4.16199
20.1534 3.33126
12.3186 7.50853
17.91 5.441
13.9595 3.18098
2.41686 11.5969
16.7258 7.67242
3.87503 1.10459
17.6079 3.23762
17.8679 7.46948
5.96944 4.64375
16.076 7.32
19.292 1.673
8.97174 9.27107
24.2719 9.21441
6.74098 2.33131
22.0539 9.18176
5.30579 1.06912
8.91281 8.23697
5.15141 6.53835
9.569 4.111
14.011 0.686
5.50977 2.6686
19.7962 0.235382
20.7754 6.4809
19.124 11.069
18.3284 3.17489
20.2686 1.58012
9.08193 7.47967
16.5419 2.05753
16.6899 1.53669
10.8381 2.96688
17.616 1.72806
6.256 10.009
4.53994 2.72554
23.421 8.26
10.6411 8.71358
4.41281 6.53817
11.927 7.361
19.2313 3.34474
10.4679 5.95187
22.824 4.642
7.329 3.732
11.992 5.715
16.409 7.85309
10.2008 12.4008
22.6233 2.21779
7.1799 3.19559
17.509 10.432
16.8703 3.21266
16.782 3.642
9.357 7.171
19.1964 9.04628
12.8894 3.13743
15.728 5.956
9.6419 0.837311
9.738 1.407
4.45933 11.8079
15.234 0.369
14.1097 2.89014
12.3892 11.1202
14.993 6.496
14.6305 8.75718
9.90721 0.00733376
9.54807 9.96057
16.2453 1.00423
21.5724 3.82556
8.586 2.13
12.0188 11.1177
13.035 4.361
22.878 5.139
20.4985 3.67237
21.6948 9.12659
5.00676 0.00948524
5.41103 3.53847
9.66444 12.4967
22.564 9.546
5.90155 0.259729
18.3989 1.68133
10.4447 5.7039
22.1924 0.0410824
14.199 2.619
21.322 9.464
9.7144 1.58598
6.03228 7.09987
2.03328 10.48
1.16143 8.71109
22.6923 7.76161
9.12491 5.83682
0.872255 10.7633
5.22547 1.85289
21.2307 3.60869
20.4592 5.46061
10.08 3.404
11.7833 9.56255
5.55852 11.6116
2.99264 4.08976
6.356 3.37
16.759 6.83
4.991 4.826
20.167 7.139
10.543 0.941
6.07873 5.80127
19.696 8.373
9.26678 1.5285
22.549 2.408
9.238 10.044
8.53931 12.1544
22.174 0.095685
10.074 10.027
0.950288 3.04013
20.081 9.084
13.0597 4.12329
11.1473 2.93197
21.5022 10.6207
9.336 6.916
19.4186 5.09082
3.69802 4.97586
11.7278 5.95179
8.91756 4.66679
3.01299 5.61072
13.0456 4.11648
9.163 7.488
10.0229 11.0243
15.69 2.079
14.2728 4.2851
21.187 2.113
11.203 6.088
24.436 3.373
18.3994 8.52509
8.69794 2.26493
17.128 4.47
6.549 1.555
16.0259 0.115862
9.35194 12.5209
17.8857 5.06525
8.86718 6.18428
7.39132 10.1118
15.9213 3.32936
8.37804 4.33619
2.58563 5.99157
17.1126 5.39081
10.345 1.349
8.31261 11.4997
12.8766 5.43089
2.192 0.343937
13.686 2.308
9.9286 10.6505
11.657 9.628
0.589 11.403
12.753 6.951
13.046 7.477
10.8495 6.81604
14.2137 10.1086
16.958 10.106
24.87 3.047
12.675 4.344
15.748 10.683
9.89356 2.28032
9.00107 6.78563
21.2611 11.2155
2.78722 4.49124
11.9689 2.01532
20.612 7.832
12.177 4.69
17.6638 10.0376
16.1557 8.07298
12.7633 4.82409
5.34334 1.38809
14.048 0.354
21.1849 8.98333
7.364 1.422
1.77853 2.38027
20.0326 4.7541
11.5296 2.8405
11.5501 11.0634
4.56087 6.95908
6.16324 3.59497
20.9872 3.22058
15.817 1.917
21.1275 5.01561
0.823124 2.04642
0.0348015 11.6969
21.978 2.102
15.757 0.0138874
10.1478 11.3088
23.5101 11.0509
14.573 12.1038
7.866 7.204
9.68057 1.43686
15.0835 7.94019
17.738 11.666
18.126 2.508
14.159 7.815
24.6615 4.93866
1.14068 1.07259
10.6336 2.96449
18.8365 6.03318
12.8081 1.71077
23.376 2.28
7.28833 6.31737
23.815 2.374
9.01999 0.0918903
20.4955 5.50371
19.069 10.922
8.218 2.679
4.39399 9.38188
11.346 0.627
0.898043 5.53396
11.5809 8.33781
21.4798 0.941799
10.2808 3.88858
9.855 10.992
13.671 1.794
2.1928 11.0503
9.06431 10.564
5.43051 4.29008
5.58188 2.22396
10.4325 9.32188
22.9794 3.34546
21.6629 1.40501
2.82889 8.33004
6.741 6.879
17.6074 10.6292
12.56 5.44
21.973 4.469
4.09 8.985
7.59394 6.67969
10.9823 7.30255
16.1719 2.60738
15.0241 6.23278
23.1137 10.1502
3.65207 7.42787
15.2569 5.13737
18.2213 10.7005
23.5382 4.64139
23.041 2.389
8.91832 10.0518
2.08691 9.43879
16.4434 1.95919
3.23951 7.19389
12.834 0.071
9.46092 10.4947
23.8 0.536
2.925 10.702
12.643 9.361
19.0685 10.5312
2.26547 9.9075
9.47856 8.72892
16.756 2.96
16.251 1.171
8.40394 0.359375
7.08749 0.622258
19.368 2.25
20.1354 1.91934
5.751 6.008
21.4855 11.0399
8.88722 6.02386
1.5153 1.82163
16.984 2.64908
13.697 4.24699
10.64 1.01258
20.7559 1.87312
5.27549 3.33695
12.963 2.4378
0.433 2.459
13.117 3.83
23.9002 1.4691
23.8176 2.07711
8.81639 4.60859
6.966 4.901
9.943 3.896
4.33012 1.95269
19.3314 6.50756
17.559 10.475
14.9387 10.9966
19.6476 9.76335
16.833 9.701
9.93455 6.35262
12.4151 5.05782
17.524 4.868
18.597 11.558
22.033 3.694
16.5873 11.255
6.35039 5.90994
5.822 11.581
13.3946 0.774499
5.678 7.586
12.454 4.589
17.1415 4.64557
3.75201 9.04401
13.75 2.362
17.4685 9.0156
1.71965 8.61541
20.7179 7.58463
22.2947 6.11471
14.2335 5.66973
14.3249 7.83924
22.2073 9.58155
13.0206 12.0044
4.008 6.056
17.1724 4.77095
9.74044 5.99542
1.71325 12.5498
15.2838 7.00703
12.018 7.5
24.4406 11.9904
4.35153 12.3191
6.79286 5.81674
12.0229 7.93801
4.01338 1.26003
5.977 6.825
5.846 5.78
19.9532 7.57633
10.489 1.636
21.7059 4.15182
24.9581 9.24009
0.655447 9.76107
24.9867 4.88264
11.5712 10.7574
18.7894 9.79076
10.4101 4.73039
13.6062 7.6158
16.1821 1.2337
12.82 8.952
22.446 2.307
23.41 9.743
4.5532 2.21629
14.1476 4.41105
0.268 8.966
6.38002 11.2468
2.15406 2.81879
17.291 7.763
10.07 10.275
10.7226 1.98347
2.47052 2.23463
11.5661 8.37893
15.9018 5.04034
15.218 4.77358
2.37884 8.56283
9.63479 12.4505
15.1908 9.40794
20.9865 9.39875
17.8463 2.85952
18.1133 3.05111
10.4393 4.88141
0.936758 7.9261
19.0716 7.09687
23.853 4.8
13.6921 3.01396
7.28231 10.6284
0.639021 10.1406
17.936 0.613781
1.55022 3.84306
9.856 8.388
0.171 11.476
19.7125 7.67999
3.86213 1.15856
19.0517 5.0645
11.4961 6.99458
9.681 2.292
17.8056 2.4737
1.38327 6.06992
3.85499 4.52457
2.77173 5.85959
23.7999 5.47533
19.1056 0.343491
22.8966 1.69114
4.26958 10.4117
24.125 11.464
4.105 11.444
15.2899 10.7406
24.2253 0.543062
6.44023 3.87795
13.0804 8.27423
16.7245 2.65622
9.075 3.537
14.0713 9.01593
10.726 8.802
9.473 5.943
15.8829 3.30612
8.331 3.906
7.49629 3.35573
6.842 5.674
9.211 2.119
12.0924 6.95742
14.2121 5.87276
9.08262 5.83036
7.71989 5.20011
8.691 8.87401
17.9593 0.0686836
12.1182 8.17058
21.2609 1.88329
23.566 6.025
5.49802 10.8509
14.401 7.383
16.48 0.408
5.37028 6.24415
23.0196 9.3073
15.267 3.529
3.258 11.955
17.0973 3.44804
8.499 6.347
13.73 3.609
11.6315 10.1256
23.1036 10.1651
14.9753 5.63907
19.063 4.91
16.866 7.762
21.171 7.175
13.522 2.41
5.63725 11.2957
12.0233 8.59471
22.2352 3.40088
7.574 7.943
22.0938 6.60791
11.3741 5.4175
11.2933 1.58485
17.3095 5.69597
9.986 3.512
9.76847 1.90294
3.03265 0.70219
21.534 7.529
11.9334 7.93719
15.261 3.67
18.245 3.4843
16.151 10.387
23.1474 5.4134
17.7512 10.9793
6.71911 1.69349
3.94985 10.6049
10.9894 5.39292
19.0122 5.5807
14.5465 11.2763
17.8187 1.07364
13.8238 1.58211
13.238 6.151
20.2675 7.89367
9.489 5.605
8.11201 12.3249
8.41491 4.43684
9.02 6.274
23.568 8.902
14.4035 5.33324
17.4137 5.91029
5.161 6.919
10.1669 9.82998
8.146 10.141
2.91396 2.55753
19.345 3.678
14.2493 5.85814
21.8201 6.39313
19.4106 5.46166
8.99337 3.46991
2.00084 1.9202
22.9658 1.7568
6.05147 2.99384
16.0757 3.60151
13.731 7.833
10.2203 8.52371
11.4997 3.31366
1.63 12.599
4.2378 3.18666
2.673 0.888
2.65006 7.6731
14.6249 7.05971
17.2141 3.39691
21.4758 6.80479
23.6398 7.37315
12.416 6.573
16.5927 7.23747
22.7317 7.24971
9.266 4.851
18.3985 7.76578
14.718 1.601
17.4949 3.53105
15.5675 1.20504
20.0863 8.68399
13.1284 2.47065
5.94403 5.55852
22.835 2.815
20.692 2.718
8.97928 0.490698
10.207 9.093
3.09647 11.1471
14.49 7.577
5.671 7.12
1.65722 8.48421
17.7301 0.8109
21.489 9.108
24.8546 8.76128
3.52678 2.28153
15.486 7.27703
12.1993 0.73702
19.8071 9.17388
1.66 2.68
11.8361 10.2888
22.146 10.336
8.33736 2.62716
15.4472 4.46281
4.55375 3.79715
20.1823 3.21345
7.37495 7.80699
1.512 2.275
17.4923 8.48242
9.059 9.651
18.9235 0.331043
17.614 6.511
19.0115 11.0407
11.834 9.806
8.638 6.827
9.103 0.948
17.2708 2.81319
0.383233 2.82972
16.439 0.925
14.4582 11.4137
12.9942 2.29038
22.5203 8.39613
1.12118 2.72369
21.494 4.494
12.3032 9.6851
9.96455 1.56851
2.4724 1.12977
17.113 0.196
20.6861 8.64499
18.3431 5.03876
18.965 3.189
7.683 11.401
15.9409 1.46202
13.3234 6.00276
2.69006 10.3609
15.0298 5.09819
4.328 10.603
9.022 4.481
20.651 6.22125
7.671 5.069
6.09906 3.00766
1.42086 12.4608
24.5639 9.40294
3.79812 0.574078
18.2999 8.37103
18.121 8.659
2.45925 12.1771
2.10338 8.81002
22.3259 6.78722
1.57117 6.34238
17.0768 7.3134
11.587 3.714
17.354 0.473
16.5961 2.79578
22.771 2.412
1.00846 3.73523
12.3441 6.6554
9.921 3.637
7.30423 10.3982
17.37 9.12005
3.39429 7.22466
8.101 8.622
4.10801 4.32231
7.78896 7.19138
17.5808 2.69104
13.8618 6.90654
20.6445 8.84001
17.8026 0.765442
23.6059 9.88426
17.7256 5.8009
6.26314 4.6392
16.6345 5.11537
5.21379 4.71381
12.91 3.807
16.6646 8.43526
9.04631 7.60439
0.884926 6.97985
3.26958 3.60763
17.436 8.625
3.79444 8.27775
17.6961 10.7725
24.656 11.4207
11.0273 5.22241
12.751 8.519
13.476 0.0482788
9.048 4.463
4.70195 0.603155
21.5766 5.22483
3.69513 2.7739
23.3269 3.58017
8.97608 11.5951
7.31493 9.75569
14.9317 11.6525
23.235 4.536
12.0934 4.14
6.76877 7.72778
9.87391 1.15326
5.96499 7.86361
24.6688 0.759422
20.112 3.49347
6.026 3.722
8.258 10.376
24.8998 10.2326
14.0186 1.73762
10.803 1.278
18.2581 5.14116
22.7212 8.10815
12.204 2.73
21.9704 10.239
10.3605 3.63832
24.478 0.425
20.069 0.259
1.537 12.494
20.8534 1.79861
9.38181 5.48936
23.6867 11.8037
12.9932 3.34296
4.88613 7.65718
6.1578 7.35644
21.3954 9.73138
4.96503 0.974173
17.321 3.284
4.78902 0.838768
7.29 1.222
14.7628 11.4838
14.9317 5.89972
21.071 9.994
3.73918 0.511889
24.6377 4.76469
14.997 3.283
19.1394 1.10174
9.67337 7.07198
9.492 0.516
11.8328 1.01494
10.4712 4.96823
22.746 9.663
21.376 1.377
18.0275 10.183
22.008 11.312
24.7342 5.28611
18.149 11.092
19.2941 1.8877
3.89886 5.69117
19.3368 0.863768
13.234 9.517
7.5076 6.55135
23.5911 6.74705
2.98594 8.65622
17.16 7.98795
10.299 9.262
2.84706 11.6496
2.919 10.85
16.3062 6.54526
22.7021 10.2718
0.332 11.435
6.15545 10.7459
0.866917 11.9255
12.6415 5.67118
12.995 2.793
13.643 3.912
0.935215 12.5044
20.4639 0.347757
7.59624 2.02394
7.025 8.84
5.63361 3.39438
15.2521 2.39151
8.414 12.0271
17.375 1.451
17.564 0.861
10.4593 6.17037
21.528 5.3938
3.19362 7.60262
7.702 3.675
16.064 2.516
13.1399 6.322
19.3084 3.28494
11.3121 12.0148
4.666 6.818
21.995 6.481
23.2368 3.04967
5.69101 3.95896
17.0935 6.801
22.5401 5.40896
10.59 12.4166
13.6899 1.54688
14.3498 11.7455
18.9223 3.52169
8.17637 7.94176
15.9061 0.577812
7.2029 10.338
22 8.773
3.55367 6.0935
15.5582 0.255896
4.4639 6.7752
0.481 9.181
16.5588 9.67393
5.1825 5.27325
8.90041 3.44027
12.771 2.48088
19.366 11.055
9.953 1.995
7.888 4.262
10.1534 1.89743
17.6941 5.22134
17.028 6.079
4.94596 10.9266
19.015 3.109
14.164 2.793
9.97899 8.68214
4.397 11.015
6.12471 2.51791
13.217 7.496
10.1004 7.61113
7.289 4.033
7.141 9.444
12.238 6.793
6.928 6.844
17.859 0.748
2.13045 2.87623
15.1539 3.6496
12.0016 9.96846
2.637 9.835
21.6458 7.04913
14.644 1.505
8.349 3.245
24.1778 3.29965
22.2031 6.56655
14.9629 1.5444
15.151 8.619
3.12916 6.80975
17.185 8.65
8.02213 11.8623
21.035 11.298
17.4362 11.398
8.816 2.107
18.3676 5.28855
11.8376 7.83427
23.36 4.16
10.0928 7.1031
13.0686 6.69969
18.7414 5.39197
5.52439 10.7276
6.92599 9.66396
11.9049 5.02458
15.4512 0.203356
9.67298 2.90535
2.225 8.961
1.38612 7.60631
8.90299 12.1369
9.29209 3.95409
8.63626 9.90931
16.4027 4.81314
9.96012 0.158779
11.9572 5.73081
24.108 11.779
15.7167 3.59789
9.23911 3.50381
5.5696 9.47946
19.672 9.592
13.061 8.17531
20.0887 6.03637
6.68066 6.68167
2.86842 2.73298
22.565 2.45633
7.22 6.817
7.02615 6.87659
10.665 2.09157
22.7768 10.2711
7.31066 11.6505
9.401 6.528
8.514 1.329
17.0473 4.54715
3.55719 8.22522
2.90936 8.37217
6.62727 9.17834
22.7677 11.2483
17.252 4.153
10.681 5.895
7.224 5.992
9.86932 12.2309
16.3619 8.82168
15.761 2.936
24.762 4.247
17.9113 10.5389
4.48175 2.20995
10.047 5.63318
3.09935 6.55316
8.42493 11.7863
0.336 3.163
24.1622 4.24996
11.6954 2.98491
7.21 7.488
4.43975 7.18335
15.2514 3.67025
10.5585 9.88011
23.8458 11.6787
15.1831 3.24424
16.2207 7.94688
7.87247 3.85323
3.35521 3.96095
13.0212 11.4512
24.8297 5.09693
16.7033 7.54855
18.06 3.803
14.753 0.52
13.359 6.34
19.5272 4.79401
11.8942 4.49769
14.107 1.561
10.17 4.09308
10.5473 2.00451
5.6921 11.4666
8.54799 10.6314
18.7677 8.73514
0.561571 4.82599
5.231 6.488
8.51494 11.9489
21.0131 2.74344
15.589 3.522
17.802 3.452
21.888 5.636
16.2117 9.55298
23.4512 0.931236
17.9101 11.5387
18.935 5.877
1.38959 3.51278
18.1745 11.08
15.427 3.981
9.617 8.9
2.969 11.085
1.24618 3.98533
17.252 2.353
5.09994 5.77182
3.69676 8.01465
8.99532 7.46013
4.40707 4.3879
0.660964 6.85966
7.42447 10.8594
21.8834 6.9967
23.7739 2.49284
4.56119 3.28488
3.27071 5.63073
20.2668 8.49658
3.24236 8.21344
20.81 4.134
0.307127 10.2326
15.0823 6.79027
2.64657 9.33187
23.0564 9.07915
5.22138 9.17366
2.98593 6.65103
8.37766 6.36743
5.10753 0.766857
13.2064 0.177101
10.86 9.878
15.747 3.255
13.984 2.082
19.986 1.154
7.52567 7.37091
8.90824 6.43951
23.9586 3.38663
7.63033 7.0282
13.4009 2.27383
13.307 2.761
4.843 3.905
5.059 9.51
24.2298 10.443
9.717 6.12
21.4919 6.1096
4.42192 6.62447
21.167 9.501
11.3837 9.31202
18.697 3.382
12.892 7.091
1.61134 7.02292
4.51729 7.77164
22.1256 10.2451
6.784 10.607
15.19 9.24383
5.50188 2.4115
23.0966 3.82296
24.765 7.86561
4.69 11.286
8.92429 2.51666
2.92 9.829
20.437 10.841
17.084 0.079
6.81167 5.01968
24.6938 6.52912
6.3963 2.89232
0.622986 6.46967
10.493 10.8454
20.237 11.414
2.93756 1.21843
8.23 4.134
11.1906 3.8438
21.65 1.649
22.5546 9.70843
24.205 2.28517
18.5673 9.10599
20.7995 8.37231
23.5228 2.42921
17.5997 1.54954
11.2239 7.43578
7.58289 12.2021
9.212 0.152
1.71395 9.79845
19.278 9.495
14.905 7.284
24.693 9.44878
9.36 4.546
9.8876 12.3801
20.5406 1.96262
22.9032 11.7618
7.35868 5.68354
5.305 4.277
10.0232 4.53694
18.5376 8.91352
2.65806 8.49424
10.177 1.134
23.701 2.95
23.2941 3.73738
16.6692 2.3244
22.2422 8.37829
6.31818 5.13097
12.4929 8.58454
9.548 6.905
16.9987 8.47486
12.2274 9.18657
4.65944 1.39875
12.383 5.971
5.43 7.148
0.421471 7.62293
21.963 10.211
22.6097 9.14221
24.2404 10.87
1.661 10.056
23.1411 7.03611
11.922 3.689
10.837 3.957
5.00993 4.86288
22.984 9.966
5.99387 0.129353
0.254656 5.34431
5.33506 5.57412
2.95253 7.22179
18.7736 11.0882
5.33582 4.03897
23.959 5.118
15.084 1.103
14.392 2.297
0.198395 4.27276
3.41029 2.53475
16.3111 1.49295
21.7079 5.60347
22.5281 2.02581
1.14037 11.3581
13.1061 2.33713
14.7631 2.39732
5.80019 3.93507
0.705 12.178
11.9244 1.17014
9.68097 6.55338
12.3842 7.62172
10.2046 2.19211
13.2922 2.01356
10.6978 9.92954
10.1482 12.406
17.289 6.965
11.1381 0.0123329
14.5509 6.73528
8.31608 5.37115
8.76958 8.72245
10.3995 1.63587
13.078 0.836
5.48328 10.5178
2.22914 4.79397
14.2185 4.72125
5.8022 9.06485
17.433 0.593
9.23837 0.271494
1.85587 2.8285
22.736 10.138
14.9934 4.3648
7.72194 6.43524
13.5801 8.96041
24.1405 9.73644
16.4465 9.8271
23.014 1.683
23.584 11.843
19.5523 11.1383
9.778 1.921
12.8349 4.90001
11.3969 9.73514
0.205859 4.10943
15.6453 5.80794
20.0133 4.19385
17.1364 3.26429
3.40806 7.74085
2.12574 11.7763
16.8957 6.55468
11.072 12.333
8.96072 1.83878
5.93422 5.93848
8.971 1.695
7.88566 3.99727
1.97404 4.96812
15.484 6.199
8.47975 8.78482
12.969 9.817
20.6148 8.11102
16.4688 0.528915
22.9155 7.8886
1.2053 6.11375
2.50412 0.370228
4.18013 8.04829
2.397 2.516
3.24582 0.150095
12.1909 6.10833
24.0707 0.925789
10.756 6.524
24.082 7.53011
18.0276 2.41449
13.601 2.204
4.72 9.054
23.5078 5.75101
4.56876 2.61407
19.488 8.662
15.186 9.546
5.483 5.134
16.975 1.913
22.5353 5.33913
11.261 2.937
2.666 10.677
16.2101 7.58125
3.6779 8.77865
2.07 12.613
1.30862 1.85007
19.9284 6.68134
7.33212 0.745049
21.8238 5.31108
5.91617 7.17967
4.17764 10.0052
6.42932 9.68776
5.55695 2.51352
12.4373 2.70039
22.113 5.77851
11.552 8.165
19.6993 7.12382
16.29 2.674
19.336 11.398
5.699 4.683
3.31 8.591
13.6856 1.82307
12.8024 8.92771
1.55282 3.72458
5.46732 2.09107
4.4466 4.07013
8.683 11.5166
16.4648 5.19618
17.3897 1.61811
1.079 8.882
23.024 9.281
6.35973 10.8792
1.88509 3.66288
3.68299 2.21907
6.896 2.106
16.7913 11.9761
12.257 5.422
14.305 0.901
22.7167 4.0529
18.0139 5.45885
3.96857 1.52442
3.41484 0.163147
22.234 9.885
21.7856 5.80179
19.7419 1.46751
20.734 4.065
20.121 11.38
1.40547 7.3809
24.8743 4.45613
8.81616 12.5054
15.178 2.806
12.4095 3.46243
15.778 6.187
1.50074 5.6131
8.057 5.584
10.5797 5.28189
20.8431 2.21851
1.39564 3.09419
14.387 10.128
24.1174 2.88165
1.884 8.375
1.87975 2.52445
11.0841 4.78216
20.7999 2.94774
1.259 8.098
19.679 0.232
18.3823 11.9809
24.6253 6.76985
3.60129 4.4779
24.9817 11.311
4.8904 6.17773
11.5073 10.1408
18.0995 3.79184
20.7114 11.327
18.2609 4.07932
5.2287 0.710678
13.0529 8.14234
8.79062 6.9294
16.3174 0.815918
4.562 7.858
13.5594 5.63577
16.6539 4.29355
9.80281 5.28772
6.98925 7.63953
3.87815 11.8188
1.511 8.409
16.5837 0.16869
21.908 1.964
19.5415 6.54493
20.4036 10.9995
12.081 1.621
19.4498 4.57246
6.42096 11.112
9.521 0.353
14.404 4.902
6.865 10.611
8.67377 5.04714
16.7116 5.14475
22.436 3.365
24.563 2.283
16.4894 12.1004
3.747 7.972
3.20602 8.46559
7.59685 10.2393
16.897 1.695
16.5519 3.52986
13.5864 0.482729
19.788 4.196
16.712 9.98645
22.7929 0.691256
2.724 8.951
6.65643 11.0395
10.3123 3.65435
20.6282 8.02779
4.65729 0.618153
8.23517 0.275976
11.8292 6.65346
18.5536 0.131218
21.708 2.58176
19.797 3.874
17.4206 2.49729
9.35545 4.61408
8.262 9.46
1.776 1.681
24.936 11.939
7.14975 8.9957
2.70396 2.31984
4.59569 1.15218
4.01664 8.69855
5.358 6.11
15.57 3.942
10.2716 11.7718
1.835 12.157
12.178 3.031
2.644 12.282
15.102 4.238
9.22579 5.9189
20.51 0.892
19.7894 11.5415
12.67 3.949
16.106 11.471
14.502 1.142
13.424 1.67
2.32463 7.96605
2.42624 9.09603
10.2631 10.3539
2.80026 6.13148
5.30769 4.32384
18.1485 3.28913
18.986 5.17
6.84 11.204
10.081 12.067
0.203357 4.59788
22.313 2.011
0.302 10.289
19.4672 3.73765
6.72911 1.45359
15.7272 2.25669
6.283 7.108
19.175 0.458
23.3285 6.60127
9.67834 7.75512
4.78893 6.07289
2.10982 4.9078
2.99721 1.30101
12.8531 12.0279
17.0659 10.3763
10.085 4.873
1.739 2.131
10.9982 11.6208
13.814 1.515
13.7732 8.99925
6.053 2.951
19.6823 0.0630627
22.7163 4.51363
17.372 6.417
8.547 3.472
23.836 4.51937
21.035 6.998
24.3775 6.16353
23.938 11.485
1.51729 8.06373
20.156 10.3913
6.73484 9.07586
0.726 11.292
20.9847 2.85829
8.011 9.285
5.272 6.42
1.91735 11.2157
1.63684 2.54763
16.206 7.848
24.4859 10.5117
16.497 4.73103
14.4766 7.87328
1.31919 3.15635
1.88505 9.0854
13.4858 7.88879
10.784 0.097
2.23927 5.12747
9.08224 5.6499
18.3832 1.25759
17.308 3.213
21.409 10.023
17.1927 4.25946
6.511 4.883
4.98 8.537
11.0952 8.85145
5.18438 2.65234
15.9926 8.77523
2.521 8.721
8.98811 5.87697
21.795 8.507
19.9196 10.8814
14.6529 7.24152
6.994 7.266
2.11 10.548
0.653737 8.21645
1.17821 4.40592
15.8013 8.70292
20.3074 10.4268
24.1832 9.50226
7.565 2.828
10.094 8.551
19.099 3.56
17.0081 1.02356
15.1254 0.877403
16.5144 7.03964
13.4933 0.943481
17.3746 8.71078
6.76869 9.32299
9.58378 8.81555
6.954 7.027
7.14229 10.7021
18.208 2.35
15.879 1.973
22.3165 1.79938
1.004 1.213
9.90661 2.62513
10.507 11.994
15.7381 5.09189
4.51246 8.99463
21.327 2.06
19.3204 6.61754
3.851 9.244
10.457 4.179
9.72643 5.43169
1.60605 6.58353
11.2671 10.0779
12.0857 4.42649
17.17 8.013
1.88226 11.1663
21.9594 10.9389
0.404805 9.1362
16.7208 5.00685
1.48028 11.5295
22.3505 5.27281
23.5552 1.98438
23.0132 2.24446
12.7892 2.58183
15.1798 4.69141
4.34548 10.6053
6.629 5.535
7.354 1.487
0.155 10.837
10.727 9.3
9.85198 7.02875
3.13077 7.74904
13.6192 4.43347
16.3325 2.87206
17.982 2.837
11.9021 5.63192
9.943 1.633
24.1525 0.894375
10.323 0.066
15.5331 12.0706
11.6371 6.76829
3.11537 3.95125
1.371 1.501
22.3629 0.393837
11.486 3.587
19.9449 11.0006
6.13208 3.16325
7.504 4.091
20.631 9.353
11.8804 0.852032
1.90593 2.81402
13.7025 1.02779
3.716 10.562
6.081 6.066
22.23 4.816
8.907 5.146
9.19231 11.9222
12.082 0.741
20.7253 4.23669
21.726 3.403
13.965 1.252
12.2154 2.54966
23.647 10.016
15.162 8.922
7.99943 0.546482
16.989 8.692
15.8285 9.3803
17.0968 5.7037
17.828 5.61476
17.324 4.853
13.1613 5.65849
4.917 10.62
1.868 11.739
4.796 0.811016
0.874527 6.14122
14.066 5.192
16.7465 11.5098
9.88227 5.3899
11.0765 0.857265
5.31702 1.78919
16.9794 0.314491
8.29308 0.493893
12.798 8.472
13.663 6.353
9.14694 9.19384
19.651 0.337
10.844 9.302
8.48397 9.99463
6.29919 1.55654
19.143 2.493
18.9987 0.628727
12.6963 12.0968
11.44 5.333
5.67 4.835
11.8136 3.94459
11.757 3.448
16.6319 4.73078
12.274 8.441
3.002 10.153
8.9918 4.87166
14.2582 0.221737
13.118 6.797
17.1023 0.749023
3.87004 8.69712
21.349 0.616
14.6636 4.08867
23.4411 5.24026
7.9585 8.4289
23.7962 5.32764
15.435 7.957
8.67198 11.17
18.756 5.27455
15.502 0.14615
16.913 11.169
0.817955 11.2087
19.1131 4.46107
14.1002 0.199757
23.781 3.095
15.86 6.051
5.83 3.317
21.8654 3.57809
1.351 12.186
9.94389 4.13574
0.717 2.952
4.17928 7.13393
20.5479 3.17271
9.18268 4.43454
21.2991 4.33339
8.53654 10.7656
14.194 0.095
16.872 0.038
22.1545 1.81336
14.9033 6.89713
5.421 4.463
10.275 1.438
17.3605 5.84809
23.524 9.35007
24.9563 9.44106
18.0826 4.26341
16.4727 8.56192
1.976 10.166
23.2511 8.81044
19.5667 10.6744
18.043 2.765
22.0914 0.872299
18.738 4.742
22.547 6.754
21.537 9.743
4.47219 8.35453
12.7147 10.4849
14.911 3.753
12.7561 6.03626
11.542 2.678
11.8577 6.98843
4.781 9.006
9.01369 9.16854
12.311 5.742
14.6736 3.44134
11.394 6.13
23.7433 11.4933
22.1952 8.25951
14.738 6.91
15.916 2.368
16.9825 2.01121
3.85781 3.71446
24.8556 3.43323
23.7734 0.589922
6.192 5.007
1.83027 5.25554
24.0912 11.8802
23.677 1.812
0.37092 11.4054
16.185 7.664
11.7039 10.1806
8.62061 1.80742
24.38 0.175
19.0846 10.984
7.11076 8.7917
8.90553 3.28088
12.464 2.011
4.94602 4.22895
23.632 9.901
12.0811 12.1543
12.663 10.552
5.16 7.303
3.3618 12.0585
0.731 8.195
19.9284 8.36504
1.5027 7.20188
2.22265 11.0972
4.34236 9.73672
4.015 8.418
12.6245 8.34108
18.4707 0.84923
23.0501 0.746107
5.60074 9.15947
23.3859 7.86193
24.3295 9.40557
9.488 3.265
11.683 9.263
18.558 2.933
21.5996 2.05887
8.391 9.894
7.892 6.518
14.9132 3.97373
9.715 5.91
9.175 0.918
10.181 5.386
21.7096 7.71627
0.81483 7.03669
12.7971 10.693
9.31051 9.33102
11.892 9.10324
3.36547 0.582192
5.17328 6.29484
8.08783 6.01121
5.93273 11.5006
7.629 9.151
12.9727 12.0607
12.577 4.623
23.718 2.464
12.465 10.669
24.7088 8.73427
18.306 6.59698
18.2005 9.99558
22.8246 2.83072
24.8784 8.92766
19.2634 0.0599346
5.55013 4.92361
5.203 8.917
21.859 4.2
23.525 0.354
20.1207 8.57601
8.31885 10.8632
24.589 3.991
3.20944 11.3771
24.5227 2.13671
23.5424 10.6244
24.5 10.954
12.4759 7.39152
11.211 3.774
13.0882 4.93548
12.9483 8.91167
16.8449 6.11504
13.8715 4.73521
9.483 5.153
23.8258 3.38166
13.6204 9.90584
12.9953 3.05673
1.90691 5.82119
3.347 6.604
19.064 9.43185
13.615 7.799
15.0987 7.88841
9.75009 4.69715
1.336 8.636
21.223 10.6
0.675 12.233
20.5564 5.95108
20.533 3.951
8.33436 1.39473
19.9421 9.39232
3.415 10.234
18.869 5.713
16.314 9.9
3.85319 6.53225
15.4752 9.41069
1.31903 8.25744
4.445 7.153
6.41488 5.64663
17.02 1.518
7.232 1.753
4.4641 6.79424
23.97 11.545
24.167 3.782
9.148 9.861
8.46754 11.4113
20.992 0.594629
1.11776 1.60184
20.3214 7.52687
6.14227 2.16385
21.839 11.2499
18.766 10.729
19.5298 7.69482
9.877 3.049
14.2144 8.45455
5.51271 1.22927
1.73883 8.05508
14.587 11.4234
12.0764 4.34081
16.0555 11.4946
2.11254 9.87431
5.194 9.182
12.7368 1.12118
1.55927 8.00981
8.26145 11.1175
18.6542 4.91278
20.1523 4.85244
9.84435 8.10563
21.585 1.76057
16.0553 5.60633
22.568 4.703
5.73477 9.82157
14.476 9.46268
7.1066 4.10568
8.11665 0.331518
3.77084 12.4471
9.87039 5.47105
22.372 3.437
23.3207 10.7764
15.733 1.52515
21.5927 9.63662
11.512 4.911
19.676 11.333
20.8911 9.34705
20.3576 9.28543
20.279 7.045
2.47183 3.62623
22.621 3.323
18.073 5.019
9.31643 6.01704
24.152 4.056
15.8704 8.59642
22.7769 7.97801
3.73352 7.60981
14.271 9.145
20.3773 8.76174
6.0185 6.12608
0.667255 6.61952
3.67299 2.57239
9.25933 1.63173
14.801 2.078
8.85305 0.998455
16.498 0.371
17.3321 0.957735
21.3101 8.28669
16.368 9.775
9.387 5.291
21.1222 10.9676
7.097 11.383
22.7192 0.78302
9.64425 6.75046
5.66365 3.74275
10.3326 3.88772
9.34527 0.743138
4.14338 6.01498
16.3531 7.26877
23.7736 6.6408
12.5357 9.89091
22.5438 7.74123
18.012 9.928
7.83 7.978
22.9902 3.81392
24.8117 4.25068
22.9759 11.1737
3.305 10.865
4.183 9.055
8.10752 4.79966
21.5367 0.567299
6.538 3.795
1.732 11.837
24.8616 3.36339
9.07925 6.88925
2.381 1.01
1.33557 4.55222
23.684 7.51818
12.3918 0.0348034
3.18747 0.649132
22.2716 4.07244
8.965 7.89
20.0105 5.50972
20.1297 0.830032
4.42871 8.95929
19.8276 10.2064
24.9632 1.69193
5.384 4.852
1.894 11.066
23.4215 6.75208
19.331 3.706
13.3694 4.42958
24.217 12.0089
0.578596 4.78027
8.64327 12.2268
10.5851 7.87873
24.5679 5.94028
13.636 3.61
7.316 5.578
3.77689 7.78678
19.81 3.88
14.4643 8.57009
17.0281 1.13069
5.57193 3.26329
16.833 1.75319
1.423 2.766
8.344 4.083
18.4084 3.55264
2.42677 2.6482
4.34289 9.78128
8.96762 12.549
3.42961 9.24111
12.132 0.05
4.82828 8.41355
22.3881 5.51546
18.512 0.645
17.7788 1.06096
3.8743 10.6405
12.812 7.068
21.387 3.774
20.5179 10.0725
3.07132 10.9264
10.1951 0.802969
20.4044 9.71018
12.802 4.44
21.8142 2.67114
14.1886 2.97144
9.628 0.225
24.4476 4.7566
4.0517 8.31208
14.4814 6.41857
16.8671 4.30656
12.8949 2.87161
5.696 6.466
8.89276 7.90553
13.599 6.946
8.913 5.491
1.64559 12.5816
18.2265 3.34165
9.487 9.475
1.78831 12.3311
22.5775 6.76174
18.1083 3.40847
11.1217 4.96681
18.1751 10.3819
13.1273 1.28617
14.349 7.876
16.319 7.1834
15.5756 5.79848
18.23 1.189
9.93634 2.90408
14.0746 7.40887
15.515 2.66631
17.7063 11.3938
5.42595 4.52541
8.46797 0.178146
10.4452 4.32307
22.078 7.379
2.97233 8.17637
23.8982 10.9417
5.53053 8.70599
12.378 7.539
12.212 3.256
23.722 0.815
11.0076 8.54442
2.836 12.117
15.7275 7.96029
10.72 3.538
9.71014 10.7473
24.2134 5.57773
1.02557 2.9337
22.201 5.55434
11.005 5.641
15.8492 0.182434
6.266 11.402
15.9174 0.191217
23.1817 4.43635
7.195 5.696
17.4963 7.85294
4.72709 6.44052
6.193 4.451
19.476 9.18991
9.99134 4.0127
17.8883 8.81077
19.508 0.038
6.52115 1.04597
14.1687 3.51244
13.124 2.1499
5.12069 5.48239
5.91117 5.86978
18.4421 0.0548706
13.5596 0.113144
18.404 1.959
15.56 2.11262
23.587 11.9078
17.1523 4.75627
4.25276 9.02955
13.747 8.405
24.08 3.73
22.096 1.6
24.6824 3.04124
16.5069 11.9526
9.26496 1.64245
11.83 0.048
17.8866 8.88825
17.089 5.58522
11.079 1.479
5.46376 8.96048
17.033 9.18888
9.552 0.585
6.31781 2.41034
3.21964 2.59116
14.615 5.331
16.5457 1.55198
22.348 11.175
10.423 5.613
23.7012 4.93217
17.5438 3.38181
16.839 9.961
22.8806 1.15219
13.3626 9.25319
8.993 4.772
6.26583 2.39683
4.33343 0.5149
17.9308 11.0108
18.5466 10.4946
9.768 9.453
11.6482 2.68323
5.567 8.68974
7.29029 9.90105
17.5162 8.01872
16.792 2.191
21.4033 9.99643
3.96471 4.24748
9.25613 8.57971
24.7993 7.23953
22.581 8.998
6.89395 4.89303
24.1495 8.05042
18.431 11.232
23.243 8.802
1.26323 0.909595
13.0428 6.12389
20.4306 7.62988
23.7596 8.4865
14.6399 4.33191
3.266 9.184
23.7085 11.5659
20.6524 7.81668
6.93772 9.38092
4.423 7.829
15.9735 2.10188
20.261 4.453
22.0907 6.38602
6.48562 6.56135
21.604 2.62
14.454 0.086
2.75251 7.26678
1.01564 11.4433
2.135 0.128
8.24448 10.653
12.239 1.138
8.84986 0.221001
5.57897 9.57297
18.692 0.218
13.861 1.462
7.155 6.27
6.398 5.024
13.2933 3.46358
18.599 2.20348
10.747 6.41386
6.30864 2.61843
21.545 8.688
10.15 8.637
14.907 2.688
7.712 8.279
17.9857 9.72085
12.171 9.185
2.36096 7.62332
21.1639 6.95878
21.6751 6.21566
15.661 0.179695
21.65 9.249
17.528 1.325
23.7233 8.58698
4.76844 11.7552
14.629 2.316
0.972604 4.32384
22.667 4.32656
10.909 2.039
19.7649 8.21804
12.6229 8.3997
5.6715 2.58817
15.975 3.407
17.8437 11.0831
7.196 5.23
22.177 2.968
9.85917 3.59706
0.863 2.566
13.0972 2.58273
19.072 11.1091
9.26976 11.8756
14.59 9.47718
19.8063 3.1874
4.764 10.629
22.97 0.618
17.9751 12.0169
16.276 10.754
22.6467 7.24381
8.899 3.002
17.4842 4.83395
2.48588 3.8091
15.9512 0.697739
11.0147 2.50326
18.665 9.767
4.28622 3.8078
10.905 7.64
19.364 8.43877
1.37691 3.30954
16.9418 8.67887
6.6916 1.53907
9.92271 6.63587
10.1665 9.27168
11.689 9.634
16.2917 6.16336
21.1921 0.59164
23.747 11.35
14.6045 5.44822
5.1595 11.0084
4.57169 5.9579
0.117573 11.2614
22.779 8.93064
3.66422 0.0231056
12.3013 2.29888
1.065 2.05
18.9437 8.8147
6.37802 10.6657
10.1765 5.23793
21.9168 7.88145
5.53846 3.04917
2.742 12.1
20.2032 9.24872
23.8759 2.88173
15.144 0.652
13.892 3.482
3.49763 4.32999
12.6577 8.97626
7.67012 9.06219
6.16 5.829
22.581 9.252
11.5523 2.26466
14.1051 6.49609
16.086 6.883
2.05102 3.13049
10.807 8.503
4.64561 1.95973
15.798 8.72769
13.8659 0.483698
1.32351 8.92771
23.9749 6.06595
9.28859 6.11622
16.5332 3.33577
18.4485 2.3869
14.367 6.551
10.2798 10.1066
3.64 4.70909
7.95943 7.94169
20.024 6.796
16.1746 6.49187
16.0977 11.2239
1.05161 5.45941
3.8701 11.8088
11.8786 8.03483
24.26 3.22036
8.85615 5.8624
6.65 8.433
19.6289 3.98222
0.475588 5.89404
0.86644 8.8941
8.83821 5.60446
1.91893 9.36078
21.3433 0.846249
13.238 7.19247
21.331 11.049
20.0937 6.74675
16.245 3.254
9.87814 4.41908
0.847672 4.2095
15.2666 4.86396
18.7159 2.57011
19.3516 7.39637
1.14147 4.30123
11.3453 10.3419
8.32655 0.829599
13.1314 8.51383
14.828 7.112
12.3195 7.96781
3.4344 0.244764
19.962 9.522
9.299 10.939
11.812 5.5435
17.263 9.793
5.267 9.707
16.819 8.534
23.0902 1.29156
6.14277 8.32133
24.1935 7.85444
7.094 3.833
19.192 6.941
16.734 0
9.707 3.407
6.27996 5.86593
17.6288 5.23723
6.449 7.321
20.3028 4.3354
5.08672 1.95041
7.93451 8.24104
21.969 9.909
20.1435 2.76039
10.637 5.925
8.15695 7.00877
16.0064 5.42275
11.8227 0.352124
22.6023 10.9013
2.72928 4.18798
23.409 5.253
5.105 4.393
18.9862 1.74215
7.2056 0.22455
15.365 0.104191
23.3407 7.10791
20.1956 10.2616
18.9242 9.10131
19.1354 1.9298
10.748 1.134
10.5566 0.390114
14.398 6.182
23.3846 6.11725
18.8507 3.15464
14.774 6.282
21.2101 5.87525
8.3952 11.4876
4.35692 2.79622
13.102 0.873
14.8746 5.28835
4.58258 2.97198
18.2215 10.3242
8.013 5.621
9.23013 1.31972
17.169 9.824
14.9035 11.5194
16.031 9.941
2.18195 5.79625
1.23815 12.377
24.104 5.032
10.653 5.885
22.1633 10.4651
23.465 4.194
16.7976 6.2705
2.76599 9.08569
23.595 10.039
0.246473 2.61352
13.2304 4.51238
4.843 7.895
6.32967 11.5479
7.655 5.901
2.502 2.688
2.81007 10.8614
24.3067 11.1799
5.97952 1.09835
3.831 8.458
18.1099 4.88355
17.1091 8.51252
6.04242 10.4498
2.90104 0.231447
12.0596 5.64763
9.303 8.113
12.987 0.125
12.5991 6.66995
9.66419 9.09525
9.58115 0.947685
6.67644 1.84848
15.065 2.723
5.46009 6.75421
21.22 5.32286
16.3167 6.86434
1.959 0.625
24.0973 10.4521
11.8226 1.15957
4.11857 1.79129
10.0631 0.245598
4.023 7.217
1.69057 7.58007
7.396 7.801
3.42782 9.8367
23.225 11.7377
8.67267 4.47575
14.624 2.461
3.92728 6.41663
1.21972 2.17636
12.743 5.311
6.82982 8.87343
1.26437 2.73445
1.98738 2.67051
14.7007 3.4959
10.5403 6.67878
14.7531 10.5446
16.0503 5.43293
16.672 7.28262
13.936 0.059
18.8375 1.63218
20.5124 5.3981
18.896 8.734
8.18427 5.20359
4.38648 1.51379
9.34488 10.9423
6.10968 4.6727
20.653 2.725
11.24 3.011
21.961 0.290569
1.288 11.806
9.93724 1.235
11.396 7.589
3.22077 6.71117
20.5955 3.0268
17.607 6.58
23.3906 5.72648
7.291 4.856
14.3584 2.89175
14.702 5.742
13.331 5.522
22.216 6.095
23.5497 4.11445
23.4055 6.0091
4.59 11.626
16.482 1.298
17.6373 11.5427
12.7358 5.6826
12.1422 5.7161
11.5557 7.72217
20.0488 0.892202
22.2351 10.55
4.72336 2.58904
19.339 0.274
21.901 6.322
23.9068 10.6386
3.52347 4.22481
14.233 2.032
18.8146 4.84494
0.967435 8.80392
12.347 11.611
11.886 8.915
15.237 5.678
24.694 7.9202
19.66 10.796
20.0258 12.0333
16.5395 5.32844
14.671 9.011
20.622 0.804
9.72 8.266
17.5955 8.65848
22.373 5.125
20.0771 3.84856
6.926 3.807
12.1149 6.90174
0.00906372 6.11595
22.7942 0.600103
7.17842 7.72275
14.546 2.92365
8.57499 3.36785
13.9978 6.85143
14.7338 3.36787
7.566 1.049
3.19286 7.45733
22.8015 7.68062
14.025 5.121
1.484 11.119
14.1019 1.74894
23.7179 8.38607
4.795 9.32
23.4903 3.0972
10.492 8.079
15.66 3.97451
4.165 6.929
18.048 5.088
22.171 4.004
22.2285 11.4762
14.756 8.559
23.946 10.949
9.1424 5.5717
10.6689 6.16353
13.9876 8.25189
8.47147 5.48322
24.2431 5.85942
7.249 7.629
23.6883 1.08396
23.099 4.242
19.2696 8.10275
3.69272 10.9474
16.83 11.2795
12.5796 3.03756
21.604 3.669
14.8087 9.92475
6.3477 7.20802
18.1189 3.76532
6.367 8.247
0.532 8.738
9.11465 2.53129
16.043 2.475
24.853 5.58772
6.07 2.00249
8.90767 4.42796
2.05745 4.20181
2.817 12.141
15.0052 12.1688
17.312 6.61156
11.9956 2.86457
24.753 3.757
21.117 7.451
6.36749 7.75899
6.2148 11.6408
6.01819 9.81595
1.92095 9.41343
4.18988 10.8361
15.5533 9.33346
1.271 7.715
24.5214 8.3001
0.629967 4.50749
1.77671 11.4808
10.549 8.617
8.336 5.144
0.166168 5.65555
20.6307 3.02143
21.5238 4.13635
11.2982 7.0133
1.473 7.79
15.721 0.0085659
7.533 8.642
13.786 0.028
8.564 5.013
19.835 0.823
14.908 1.642
15.207 2.946
10.624 1.49337
7.8683 4.68721
17.8268 6.66249
24.6667 4.53864
19.6971 1.77798
3.02314 12.0428
1.38286 4.4192
18.4145 9.49424
1.93373 2.93153
11.35 2.903
8.077 1.931
6.8396 11.1951
7.846 5.425
11.5087 1.01008
20.8465 4.12681
11.9145 6.86636
8.796 1.377
18.4016 7.7167
3.53231 6.48266
4.29988 3.03093
6.1253 2.78512
17.0931 10.0983
11.9867 11.4776
9.31532 3.36834
13.3467 0.0167542
18.022 10.427
3.99377 3.20667
15.632 5.825
21.2314 1.08055
13.69 9.119
18.2505 4.18582
12.5834 8.251
11.738 8.531
0.657993 5.98636
18.5541 11.5545
16.5191 3.17171
19.0187 10.2172
21.16 0.654
4.96355 9.82987
12.0234 8.21748
20.307 4.406
6.38742 7.28121
13.17 1.729
24.7307 5.86465
23.855 10.689
11.343 7.592
23.9789 7.50146
20.744 11.181
20.4198 5.36964
6.27356 2.68393
15.3547 11.5655
12.645 2.60174
7.69775 7.86494
10.1137 0.0274143
24.3694 5.23243
6.903 3.975
17.5855 3.83922
3.93206 2.68692
3.58839 6.05928
17.0368 5.23929
7.174 11.032
5.0617 11.4885
12.263 5.34119
20.1313 0.332155
8.45535 4.741
9.627 5.61
19.624 11.335
10.0306 9.97319
6.834 6.364
17.5894 9.23004
1.533 2.26327
17.974 10.84
2.01796 2.88081
12.9889 11.8095
7.72915 0.0797501
18.2179 10.9021
20.7545 2.30999
5.32598 4.71691
15.9991 8.15137
15.9688 8.23043
1.73575 3.36771
4.57426 8.3194
7.383 4.36
3.68858 6.65928
13.19 7.065
6.20554 6.16164
2.595 12.301
9.70314 3.39771
17.7191 0.067215
14.446 2.657
5.88785 7.48398
16.9703 8.1151
6.21908 3.29964
14.5637 6.7414
17.344 3.423
3.024 11.756
24.9417 6.24825
16.463 9.301
5.224 4.94
23.025 0.774
22.9329 11.1073
9.60151 4.64307
16.0458 7.46081
11.062 6.344
23.5126 5.85532
20.8736 1.39344
10.424 5.902
19.499 9.12663
17.3187 11.9107
12.2317 10.9901
1.871 12.163
10.6527 7.47148
6.78964 0.758266
23.69 10.359
23.5605 3.96767
21.344 0.600742
5.953 2.83
5.394 7.703
18.3993 7.69585
11.465 0.43
18.636 2.296
12.654 5.019
17.2581 3.75959
20.8825 10.3883
9.37591 8.47024
3.72934 10.7347
16.0095 11.6473
1.81711 5.99715
15.651 2.391
5.14809 7.92246
12.543 9.072
4.092 6.995
20.8898 5.03941
9.7371 6.0993
20.9373 4.75876
3.103 11.44
4.80788 7.43622
12.951 4.281
13.353 3.355
1.11009 7.28186
9.10025 3.83744
14.6475 11.6358
7.23825 4.34822
13.7029 8.32246
10.925 5.283
24.9194 10.7277
12.5864 2.0188
16.705 9.748
9.317 8
11.8883 9.14037
14.437 0.441
0.32282 10.6568
7.25073 0.607889
1.405 1.125
14.0974 8.38086
1.547 10.009
10.7716 1.47475
0.433996 5.41044
24.8636 9.43987
7.73 2.391
8.14635 0.567202
3.82638 11.0206
23.444 5.165
1.81554 3.84184
10.7921 6.24318
18.5233 2.80373
22.4908 1.61721
12.8585 5.22897
14.846 3.094
9.738 9.236
23.9597 8.29214
9.34248 0.119593
11.7986 9.2084
12.981 6.781
21.41 2.586
19.6791 4.6903
8.95939 3.07247
17.6466 7.01419
22.783 9.51588
18.758 11.122
23.2803 4.43559
14.8676 3.70564
7.61284 0.00219536
12.8888 2.29102
7.426 3.918
12.4937 11.7684
10.625 3.965
22.1676 7.49851
14.34 5.854
12.0378 10.8579
24.18 4.14956
14.6714 5.3446
24.0248 9.14495
1.864 2.384
7.25572 5.46981
10.072 5.339
11.194 3.66
15.2128 10.5098
9.449 5
12.0825 7.6783
14.3974 0.309723
21.13 3.889
23.9063 3.09119
16.0275 5.41893
18.789 4.195
23.375 10.323
22.4839 7.20573
19.5559 1.26323
10.527 7.272
11.16 9.509
22.588 8.052
23.182 3.917
8.111 8.069
2.67865 12.2952
15.434 9.129
13.0331 9.57064
16.741 6.054
15.563 2.23
10.283 8.494
0.181849 4.0505
5.89334 12.0739
9.08474 0.45072
8.38457 7.86766
11.253 1.36
7.414 5.889
12.6355 10.435
0.735079 0.0565796
15.055 2.3
15.3766 4.07637
4.112 9.079
10.862 7.784
23.0448 1.63543
3.62202 3.51123
5.01833 3.14814
15.944 2.987
5.287 4.257
17.05 3.026
12.105 6.919
14.703 6.639
6.28007 0.977526
11.1775 4.34649
5.599 8.793
17.9332 6.12175
5.52426 8.8959
9.466 3.822
23.2029 2.42129
20.3382 5.00053
2.91272 7.45422
4.631 6.041
15.7308 2.28871
24.1585 6.46419
20.2413 9.44991
18.58 3.318
4.47635 4.02322
20.955 4.053
9.33776 4.93505
11.6608 9.66246
21.667 10.384
9.702 5.772
1.59715 0.859955
14.2281 10.3385
11.012 6.08961
2.249 0.021
22.1596 10.7393
20.9742 5.02015
8.366 7.835
14.4222 0.884283
19.8221 2.72104
6.93809 6.68303
17.3277 9.44655
24.773 0.812
0.609449 10.3542
0.501064 11.7628
19.4158 9.41834
0.755146 6.46957
14.4289 7.7654
22.7463 2.00893
9.99285 2.68883
2.25621 8.68284
8.526 7.789
14.2784 7.3208
12.561 4.75
20.0854 0.691231
21.3259 8.78588
15.6901 1.28048
14.7089 1.52382
4.167 8.558
9.22095 1.99066
20.3201 9.43422
10.0947 7.41297
23.55 8.814
2.357 0.485
13.51 6.708
11.0185 2.67947
13.7151 9.77709
10.862 8.397
10.4527 7.99639
16.04 5.37776
10.6211 5.56451
1.6311 0.514515
5.756 2.81
4.83755 5.7893
21.282 1.309
7.07708 3.04823
12.5669 8.11584
2.844 6.551
17.5524 7.52892
6.13714 3.28675
16.093 2.683
18.0365 1.45045
22.0648 9.9101
4.25452 5.6428
21.525 10.884
17.436 6.139
6.62524 8.35344
11.316 3.051
5.75378 6.13666
10.0919 7.31254
0.298763 6.81147
12.3874 3.97603
11.189 3.564
17.4948 2.72297
12.0456 2.60595
20.682 0.197
8.72019 0.0128021
10.587 8.401
13.079 2.43
13.4906 12.1314
19.0394 7.49844
21.6161 10.7319
8.79 8.134
5.34344 8.28871
15.5106 11.4683
6.17441 8.91848
21.211 10.895
22.2398 5.79178
14.291 5.416
21.575 3.374
11.508 2.375
13.8735 9.22137
23.4376 11.7001
7.622 6.127
9.05858 11.6639
3.33726 5.44313
5.48081 9.77363
19.742 11.353
13.728 7.839
23.564 4.301
16.6565 8.4549
4.694 10.712
3.423 7.376
13.0153 1.68203
22.555 2.524
13.877 9.725
0.0489922 6.26636
12.1401 2.35645
18.1572 7.71887
14.004 2.443
9.819 6.713
2.22098 3.24746
4.47622 4.21967
23.376 1.299
0.701133 10.8537
14.4778 7.42862
1.85881 7.09741
2.239 11.886
18.599 6.421
18.4458 6.27472
6.09878 4.00825
15.3362 7.18086
16.3278 7.33275
5.47016 3.36004
3.56 10.717
4.92089 3.39039
20.0412 1.49828
4.4037 3.42796
9.368 10.54
16.113 3.716
10.579 4.132
20.9099 5.64347
6.452 6.645
3.219 10.114
3.35154 1.32774
0.144505 8.50379
5.754 6.448
15.105 8.37707
3.815 7.773
12.9076 3.58818
21.0983 7.03767
21.3121 6.50652
16.1161 3.29677
17.41 8.398
17.4633 1.29713
8.77365 10.9689
21.2821 8.40453
16.1062 8.06508
2.43044 1.02691
6.55116 10.4993
13.3868 5.19533
11.8745 1.90259
17.109 8.64
18.075 1.836
3.90846 11.1395
5.70452 11.2603
7.72386 11.3012
22.048 4.227
12.055 7.579
23.998 5.99002
1.9361 7.31595
17.271 2.297
11.3179 3.03276
3.51715 0.363029
6.567 7.129
7.89486 4.02585
19.591 9.223
23.3953 10.182
0.401073 6.18652
23.541 3.112
4.49389 7.92063
10.0816 3.93831
20.8232 1.26305
23.8081 5.4059
19.9123 9.72417
20.8633 3.30245
13.5643 8.9138
2.172 0.221
9.82263 11.5302
7.837 5.66
16.1233 2.96593
14.4632 9.35159
21.7393 4.5152
20.3938 1.01307
12.699 2.98566
14.3635 1.40345
20.1709 0.435692
7.46711 8.09392
13.3152 9.46677
5.09009 10.075
1.83449 5.41195
10.563 1.435
20.705 0.391
7.10194 10.544
3.762 6.712
14.278 2.03
21.645 9.43
12.9692 7.33233
3.01321 11.5056
8.537 5.408
5.799 5.698
12.8572 7.97148
8.09412 4.1002
24.079 0.359
9.789 12.315
14.327 2.324
9.426 6.435
8.36519 5.09876
19.8684 9.08806
10.0453 6.88319
9.74071 1.60764
19.821 10.628
12.182 10.2335
22.087 2.49
8.925 8.594
11.2946 3.65273
13.324 2.843
17.8293 3.49592
5.02109 7.42215
13.0604 1.46051
16.1179 1.69854
19.2195 1.25809
23.574 8.496
5.178 8.183
2.67802 11.8585
13.7009 2.78592
9.83667 1.61003
2.90304 0.540379
9.55151 3.90217
14.5623 5.31473
14.9227 2.19895
23.5924 11.4898
6.421 10.68
21.363 4.499
24.4045 3.1701
1.39535 7.78571
19.017 0.653
17.4896 0.436279
15.1334 3.3451
23.9796 8.19098
4.06525 4.28606
19.325 6.9381
8.984 2.712
9.40106 6.95275
10.7136 6.36475
10.889 11.787
10.02 1.307
19.4862 2.51904
17.0369 4.83092
15.9131 5.07563
18.711 2.61355
2.492 8.494
4.28444 7.59568
12.0109 7.65207
18.441 2.439
1.79131 5.9782
15.8539 0.772808
18.6527 5.51822
9.419 9.701
21.7065 2.1072
14.788 7.05
1.1873 0.977081
9.19885 8.10437
0.00537205 6.53612
1.5223 10.0117
22.5428 10.6428
22.1005 8.22813
19.021 1.60501
19.821 4.307
16.6117 2.70712
6.37395 5.93065
4.07589 8.46646
14.7305 6.35702
9.06094 12.5124
21.824 3.328
11.5594 5.76539
8.517 3.469
19.0589 1.5504
2.04665 0.0532837
12.1005 10.7573
13.6582 9.88303
21.6255 2.2692
21.95 0.803
9.85445 6.85276
23.6042 5.98938
20.448 10.645
9.59852 1.81633
19.6378 8.13368
8.37565 9.18103
5.77028 3.09561
10.9576 10.7868
7.96 8.171
12.9379 10.8321
20.619 10.687
1.21785 9.22179
18.1073 7.8147
21.1787 11.9166
6.26389 1.65328
16.755 2.18
10.351 8.387
18.36 0.946
12.8068 0.830505
7.819 6.612
23.662 0.005
15.057 5.395
24.547 11.099
13.28 6.188
7.53844 5.4136
13.466 0.977
19.9307 2.05402
22.5149 2.98327
2.28464 8.67125
4.0139 2.44037
23.488 1.65
23.3816 11.563
14.5404 4.91794
7.423 2.26
19.965 8.846
9.40022 11.5822
16.79 11.53
21.5761 5.0411
16.9207 7.2821
4.9722 8.86338
1.017 2.009
14.1844 8.20082
18.346 3.102
20.251 10.777
23.6509 3.74529
8.599 10.277
7.572 2.804
3.60775 3.74382
14.2868 1.92791
16.0138 10.6053
6.55093 3.70981
10.1232 12.4154
4.404 7.622
19.1526 4.0341
18.6501 11.8881
7.2366 7.67842
12.261 8.03548
11.659 9.766
21.2314 5.14357
8.05747 5.32126
2.12542 6.76361
5.633 6.752
19.027 6.825
20.335 2.80685
3.58785 8.38633
2.73821 6.34511
13.3529 5.24701
23.9663 7.21232
13.5882 2.64873
8.57943 11.1354
1.92606 1.16143
5.069 8.537
9.62152 4.05768
13.083 8.998
4.93502 6.83699
12.658 4.71423
13.5171 3.2525
1.53805 4.36557
6.98549 5.75917
18.369 3.945
6.87913 4.60823
24.8303 4.03113
19.8363 8.5554
22.9161 6.34845
11.337 0.444
11.232 4.35715
8.52798 11.2918
9.5934 1.15299
8.08524 0.0266647
14.4784 6.18969
2.08086 7.34342
23.0511 9.79846
15.766 1.553
1.12625 6.79604
13.1821 5.06112
19.013 9.642
7.34223 9.80652
20.3877 10.7256
12.6839 2.21964
8.5476 0.55512
0.423 11.361
16.2003 10.1333
16.9682 7.66271
22.484 6.172
6.421 6.076
10.753 0.666
23.551 0.819
8.48393 4.46311
11.065 6.593
0.430532 12.0772
1.555 10.077
10.9281 7.75581
4.3659 2.62016
11.9241 4.73117
15.598 1.191
5.21563 8.67574
7.97806 5.35
7.82827 2.46145
3.459 8.851
4.23866 4.93035
18.7437 6.40891
9.55656 9.31295
6.98921 5.26823
17.148 10.885
9.188 9.929
19.1597 11.2447
9.14857 10.9385
1.381 6.45399
18.678 0.907
23.8417 11.8992
0.618164 2.31136
9.04271 7.69832
23.0482 8.82322
11.8882 9.83948
3.76434 7.91491
8.623 4.234
6.7223 5.40018
5.81252 1.0691
13.5061 6.35226
4.12143 6.63269
14.144 7.148
17.167 3.708
14.04 6.78276
2.55305 11.4748
5.04633 6.81847
14.035 5.971
18.377 4.086
15.9628 8.37966
19.5757 3.00557
18.3236 3.08699
5.62996 11.742
17.507 2.06
11.3077 2.41731
20.833 0.131165
20.7737 3.96729
9.883 0.594
23.974 6.074
4.344 10.723
6.89139 2.5857
21.343 11.11
12.9857 8.03206
16.6122 11.013
24.3267 1.64105
17.322 7.98
13.3929 11.7878
15.3032 12.0079
8.262 5.539
16.649 1.315
15.4382 2.44691
10.023 1.599
22.3753 3.30391
20.8682 5.23187
17.4021 9.62688
17.3511 8.75029
18.496 0.161
21.698 1.23511
3.15718 8.07446
1.22954 10.7909
21.1798 11.5744
17.4193 10.4885
11.448 7.981
24.925 4.54551
21.748 7.413
6.74214 9.01212
1.05211 6.4936
15.8669 5.421
10.2102 6.44142
14.471 0.668
8.649 7.286
18.8762 6.65695
15.371 3.54514
8.69108 8.21167
16.14 4.63785
15.8659 3.23404
23.643 5.86
22.5936 11.1499
23.379 0.0483856
4.94456 7.97935
7.386 4.419
18.747 0.775
16.7173 8.00541
23.0823 7.53506
5.77568 7.87444
14.8974 5.62066
4.35903 8.71088
10.403 2.122
3.43139 4.10623
24.152 0.70249
21.3761 1.87064
7.491 6.271
4.1818 8.85333
8.929 1.166
12.7857 6.42795
18.519 11.6787
8.573 1.456
20.6037 9.18223
11.316 3.831
15.9605 1.45393
9.48263 10.2907
0.384576 4.73666
7.99447 3.18811
6.61406 5.55087
6.83242 7.83261
16.225 7.393
11.7627 3.96953
8.459 2.796
24.6412 11.5095
1.49605 6.64401
10.948 8.079
21.947 10.836
23.95 10.228
8.80413 12.0349
17.4324 8.63449
16.862 9.6
14.1636 9.8572
0.492 11.082
19.161 2.907
4.83811 9.60215
5.323 7.238
13.0045 5.32165
9.651 1.963
11.563 2.539
18.4369 5.36237
2.67624 0.265028
3.86376 10.7124
5.27028 5.85747
0.415683 11.3825
19.5875 0.0797672
16.67 2.229
11.6956 4.92521
18.904 11.054
6.22367 4.09055
9.64808 10.0992
2.609 0.711
1.80414 1.86164
21.513 2.893
20.2397 4.4119
18.9769 6.28823
0.157785 4.38225
11.7571 1.54632
2.21947 10.3208
10.379 4.224
11.031 6.106
13.6358 2.90229
7.03242 8.15117
4.55976 10.1454
1.68048 3.80169
20.792 2.76411
9.205 4.18
22.0225 11.5564
13.9715 5.87853
3.89731 4.40025
19.3329 4.54142
13.785 0.375
22.3864 11.2208
20.6578 6.85692
7.01501 5.66824
24.391 9.90309
9.2414 3.31487
2.04 8.546
15.2283 4.6823
16.742 6.461
23.247 8.832
1.99451 6.58035
4.99682 5.1877
11.8556 8.62718
16.4127 7.1944
17.597 10.103
9.82365 3.44696
5.90591 0.905327
21.7634 1.31749
15.8384 4.9256
17.538 1
14.966 5.26
14.31 1.272
17.574 2.98917
8.70326 1.42426
16.4538 10.4376
4.278 8.081
14.0809 9.81521
24.8055 2.26267
7.095 4.072
6.48726 1.01558
12.365 7.303
1.658 10.621
15.71 0.201
8.282 1.601
16.9654 1.99828
20.657 10.519
9.75489 4.03629
14.073 2.467
9.50799 1.21557
20.1415 8.0837
7.85535 7.42424
6.46806 5.63975
7.58848 2.89118
8.6447 0.223549
5.36658 9.00762
6.202 2.448
9.63405 10.2888
21.516 7.545
14.9874 0.982901
12.94 8.184
7.82231 11.9064
16.629 0.517
5.47688 6.7677
24.29 0.649
15.228 3.828
11.373 1.521
7.58261 1.09977
16.3201 0.647827
23.9698 8.7989
13.7615 7.02728
19.9956 7.32494
11.1068 0.0725994
16.2356 8.02159
20.0498 11.045
7.70651 12.0808
17.6582 1.97133
17.3034 1.37469
6.234 3.382
23.272 9.155
5.84396 11.7938
17.181 2.087
3.78015 9.15059
13.8132 2.68214
20.8698 11.0759
7.438 9.2
2.17974 8.99246
5.709 4.452
6.247 9.241
1.32801 11.5199
8.289 10.622
2.47529 5.28587
20.7824 10.3412
9.03931 0.534351
11.27 5.836
10.288 1.15
21.9931 0.493341
24.7301 2.75147
12.8072 9.8164
3.88031 7.1456
24.3965 0.0886517
24.486 7.51257
2.681 11.109
0.82296 1.57508
2.62388 11.3553
17.6685 7.44135
9.4916 8.07873
3.47291 7.91112
6.204 10.605
3.07885 12.0619
23.5687 4.10038
0.922 2.604
6.72169 9.46526
18.8625 12.1049
14.4509 0.013813
10.082 5.052
18.8102 6.28085
16.6353 8.40711
5.505 4.26037
5.82013 2.01246
22.96 9.834
17.1421 0.253798
21.814 10.5097
9.14864 7.46688
13.324 8.78
16.263 1.931
17.6138 4.18115
15.7745 6.2582
23.2901 3.01858
12.6834 10.4423
13.6828 3.90366
0.642643 11.7926
1.53662 3.16999
17.778 3.894
20.8288 1.64158
4.63057 10.0088
0.054018 11.1036
24.865 3.79876
1.43752 7.07292
3.96365 6.08098
1.74345 8.15739
5.17783 3.97919
10.66 8.703
17.312 5.49432
17.7088 10.8586
9.33027 7.87333
8.62112 3.25204
21.896 10.194
18.4561 0.197744
24.8203 1.75154
16.7424 1.10436
22.195 3.385
24.4328 4.11146
2.41141 4.94489
20.0193 1.01304
17.8457 2.62974
17.993 9.617
15.155 0.348385
5.9658 12.1603
22.4934 5.36426
0.0997171 2.82359
19.1324 11.9847
16.3154 2.94897
18.108 9.769
23.0747 6.23165
18.19 10.434
3.43396 5.19774
3.0116 3.92435
22.6324 10.5324
12.565 7.694
12.0685 8.19765
6.58156 10.2456
7.60284 5.55648
6.029 2.785
11.0799 6.1693
7.65524 5.19145
15.6383 8.76909
2.767 10.373
8.68897 3.74147
9.474 9.274
11.1946 3.32848
23.997 5.574
22.3434 8.92226
23.7954 7.18862
21.1823 6.1368
14.0878 0.795475
19.3489 5.98205
7.429 11.099
7.311 4.914
13.0096 5.96232
7.774 10.942
3.426 11.373
0.786593 10.3568
8.479 2.458
8.41266 8.81278
1.17 8.002
8.70912 2.60605
14.9738 4.56672
7.61315 2.27881
14.768 4.55197
7.75798 6.52199
3.90182 2.69404
4.63378 1.09218
18.507 5.695
8.38847 3.43471
1.55539 9.25685
7.001 2.726
0.113857 1.68496
0.062726 8.2984
12.0896 8.90505
23.6434 9.12862
1.81643 8.20371
15.1843 4.11198
10.9595 1.00795
24.607 9.2748
7.10312 2.47647
9.687 4.662
24.2509 9.06505
20.6064 3.95215
6.043 11.211
1.77099 12.3304
12.8168 7.58832
0.16548 5.70754
14.224 6.2
10.862 9.904
9.29707 12.2774
2.50454 12.2871
8.478 10.128
1.64282 6.92942
13.7842 7.31845
15.537 7.938
6.4719 11.8127
18.3293 0.655339
24.87 2.811
9.12046 12.2069
1.605 10.041
10.2507 3.07407
7.249 8.094
6.42764 0.602463
16.05 6.22
24.7468 11.8803
18.9 3.654
10.8956 2.72009
23.9199 4.36132
18.5348 7.79535
24.2806 0.302532
16.1099 5.58095
23.88 4.945
5.93755 7.03953
9.309 3.082
1.967 11.447
18.678 11.9711
11.353 3.211
3.14341 8.92261
13.062 9.317
21.3609 1.91296
18.688 11.026
14.5883 3.12577
5.06911 5.42664
16.169 10.0712
1.96191 1.14756
2.24504 1.92528
12.3902 9.08836
13.7419 4.39918
15.273 11.5484
3.556 8.149
11.9221 8.70576
20.976 9.066
0.798 2.842
13.8849 10.4365
4.15247 9.78971
7.045 10.834
5.246 9.663
17.813 4.747
4.702 5.572
14.638 2.895
8.30252 3.64808
17.5715 6.02205
3.91559 11.0117
11.9157 9.69393
13.069 5.419
10.166 1.135
15.7288 9.29967
19.169 11.433
4.00927 8.85286
0.264435 3.14926
8.85873 8.65956
11.9467 0.977409
2.56948 7.54601
18.134 1.98592
23.9212 8.2793
3.313 11.432
24.7602 1.72265
12.335 2.296
17.3826 5.57837
16.0449 1.1922
20.725 10.6848
16.2332 9.9125
23.0284 7.48575
12.1873 4.17411
12.4799 11.8329
11.4662 3.41822
1.98661 6.23197
4.54136 6.17341
6.782 11.299
10.1804 3.47853
22.4733 1.664
0.902546 1.79787
1.88136 5.67174
8.16801 5.65352
24.4327 4.62069
9.9766 11.5165
10.354 1.999
24.0273 4.64064
9.13478 11.1516
4.682 8.685
16.7777 7.17437
21.5216 0.817055
19.4152 5.26702
5.39807 10.0493
2.67924 7.60224
1.98368 2.83045
18.704 0.43
9.115 10.305
23.872 2.027
18.609 2.604
18.6968 10.0383
20.72 9.57
0.237259 9.77312
23.443 3.121
20.5726 4.80635
16.8731 1.15613
10.4186 8.33227
1.82369 3.68196
9.91483 10.2988
2.5988 2.50666
3.785 7.643
14.4313 11.7303
10.131 9.906
11.4782 1.88234
10.0176 10.8266
20.2059 0.106968
5.742 7.051
15.238 9.12166
9.30339 6.40611
16.616 0.264
10.17 7.128
3.91688 8.53201
10.8425 9.07191
8.51052 2.2396
1.331 10.818
11.3684 0.642609
18.386 10.761
11.025 9.307
22.7524 7.5448
4.36595 4.57709
11.139 6.72751
10.92 1.571
11.6377 8.43674
3.43376 11.4926
22.5144 6.56187
22.423 9.643
9.435 0.042
13.162 6.585
7.05798 9.58712
0.281998 4.90605
23.436 9.855
3.186 8.569
21.685 3.726
13.368 8.706
17.9039 0.413128
19.74 2.312
17.325 0.174
9.32448 6.8865
7.74671 2.1993
23.5157 7.05055
11.7782 5.17302
4.93276 11.1678
19.4982 6.61616
11.0611 4.44596
14 4.1755
21.296 10.09
4.37328 3.96402
7.23979 5.019
16.5797 5.92826
11.6193 9.24481
21.9781 5.02852
8.79362 1.70059
13.0604 7.7271
20.5767 7.81326
10.5814 3.87946
14.4519 7.23734
21.9721 1.98947
3.799 11.68
2.104 2.687
1.49042 6.03775
16.0294 2.66203
21.1208 6.19122
13.0219 10.8335
12.5877 9.78634
16.349 7.467
9.53934 5.75831
1.183 10.737
14.1659 2.603
12.3633 6.92277
24.7744 0.559738
4.83391 3.0491
21.693 2.888
17.7194 6.116
1.58006 3.5783
8.03678 5.16063
14.9754 3.80592
19.1982 2.13491
22.0963 10.5186
18.2428 5.12086
4.933 8.782
2.01703 3.992
18.7222 8.86154
13.194 7.362
6.46243 0.91271
10.8447 11.1461
9.629 5.407
16.7087 0.613379
5.612 4.812
11.3211 1.82066
19.3023 0.323093
22.7009 5.63744
24.5035 7.64123
11.217 8.281
13.688 0.289
22.119 0.553
5.365 11.196
7.74915 0.119835
11.329 8.50284
19.206 4.273
3.13828 5.81859
3.489 10.891
12.8187 2.24418
14.3219 3.6825
8.036 2.507
13.708 2.705
21.2 1.227
5.499 5.214
10.4145 1.21826
12.521 8.734
20.843 9.406
13.0182 4.30936
20.539 2.247
20.945 6.66429
9.85944 0.422676
2.53492 3.82839
3.91774 5.0566
21.964 7.192
9.10939 8.75974
7.654 2.846
6.33705 7.3414
3.06524 7.26172
22.882 2.755
22.524 5.604
3.52593 0.166317
12.4594 3.65557
9.39706 6.26186
12.763 6.704
8.22691 5.0763
18.5328 4.16882
14.2699 10.1992
14.903 9.079
7.024 11.146
21.612 8.141
18.058 3.474
5.08385 6.7742
13.756 1.58
1.3682 2.37865
16.1079 3.00749
7.362 5.214
21.9888 1.71466
3.077 10.442
16.3132 6.05437
9.51764 8.7504
2.213 11.296
23.758 2.758
20.4157 11.5717
17.4312 10.5358
2.84601 5.16375
17.4701 10.1681
4.28529 4.05681
3.31072 6.72576
18.156 5.133
12.6682 7.11995
20.2128 10.0814
6.42125 11.2742
13.7966 10.558
0.385838 10.3608
10.4185 2.11005
19.5644 4.26736
20.9355 7.69056
5.30895 1.11978
20.5671 1.46158
10.774 6.399
19.0737 2.45531
23.883 7.40191
18.118 9.734
6.92416 0.221527
7.21 4.069
0.406063 9.55772
20.934 3.797
10.196 2.302
9.195 6.414
3.816 7.955
17.689 2.429
8.41579 11.2421
13.119 8.335
8.618 4.954
8.751 6.808
11.8015 8.57129
21.0792 6.96801
4.35579 0.0780334
1.99787 2.98347
2.041 3.028
11.363 0.045
20.8901 2.30331
5.326 10.792
13.6998 11.369
21.014 9.162
8.343 7.406
21.1341 1.70314
10.2873 3.34758
16.407 0.02
7.50696 4.57655
24.6654 2.65925
11.076 3.20367
6.47735 11.5261
0.886266 9.60947
12.3738 5.96863
19.44 7.29549
22.946 2.726
22.379 3.055
18.5796 3.37667
19.693 0.31
4.97716 4.03708
1.981 1.941
15.664 6.113
19.2197 8.84641
17.8554 4.65958
22.6239 2.14644
17.473 0.928
23.2809 1.38776
17.0041 7.6007
16.3125 10.3782
1.427 11.659
1.28009 5.31329
6.235 5.921
16.5192 0.11068
9.58646 0.0290947
7.012 1.443
16.946 3.705
10.1037 3.24042
8.66586 2.69147
8.52877 0.256582
7.78678 6.55963
15.7902 1.78704
11.826 5.625
16.4128 2.83615
12.1196 9.92477
24.3381 7.63008
22.1712 0.143764
0.0858212 8.65682
22.4841 4.73504
3.173 11.278
20.7923 1.27302
23.9624 4.03347
13.031 6.392
10.9407 9.22405
20.064 8.43
15.6687 8.96481
21.4907 10.499
2.04218 9.6741
4.54178 0.862837
19.5069 2.57152
21.7921 4.85283
9.58795 7.01342
20.4457 10.3749
18.17 4.055
11.7981 4.44291
12.6332 7.93811
22.3743 10.7343
12.6356 8.8519
21.925 4.502
6.21453 9.67664
10.933 2.37431
11.125 9.75
15.502 2.965
5.84013 1.95288
19.0106 9.12811
7.739 3.48
16.4968 3.45691
5.02603 6.79492
19.0308 4.22392
13.0871 7.85629
20.077 2.012
1.72217 2.06567
17.3207 10.6058
14.9701 7.17116
14.399 0.564
19.9736 4.29312
22.9967 1.79678
23.6008 10.7588
21.273 7.913
22.9949 2.06408
3.64674 0.771793
5.413 3.187
3.751 7.273
22.3284 8.00359
0.574614 6.51939
8.16659 3.09084
8.93969 4.82495
8.62713 3.73551
18.7352 0.898777
9.86967 1.04539
5.679 2.788
12.6307 3.79583
23.1905 5.0932
9.888 9.553
9.07577 3.79706
8.59627 8.7825
24.7592 11.7645
18.0576 0.563673
7.06466 10.7368
14.938 5.606
11.1598 11.8351
14.404 3.14
19.718 10.903
18.1912 0.774746
14.1707 4.77908
19.767 10.973
11.2439 0.171284
19.8221 4.5989
17.4103 4.49093
7.555 6.329
8.10312 8.96759
5.19188 4.05396
1.54435 9.26913
9.054 4.152
23.1857 6.48696
10.49 10.282
21.6137 2.34315
1.449 11.616
18.141 1.827
13.7601 2.51813
21.137 5.97976
22.733 0.969
13.9 7.933
23.3812 1.4779
12.6875 1.65807
9.17931 11.137
6.515 3.162
15.59 11.714
0.107491 11.6417
24.911 8.45456
21.1531 3.93931
14.7985 5.49656
13.744 6.947
11.635 11.792
14.954 3.446
15.16 4.005
24.196 2.309
20.033 10.508
6.41491 4.90312
23.6234 7.18151
23.5345 4.38046
3.916 6.837
24.2838 2.47548
9.49037 3.57033
3.64849 10.5632
1.83371 9.61885
10.4629 3.87957
4.998 11.441
12.1205 8.48479
21.7518 6.37279
24.9669 8.36582
6.822 2.123
21.503 7.739
18.8621 9.9283
4.91492 2.7992
24.14 2.44
16.102 2.838
19.132 11.535
9.08955 7.36777
7.87139 3.07449
21.3348 1.54743
20.583 10.425
0.604753 6.92615
24.679 2.871
2.81721 10.3028
18.0849 11.6505
18.373 1.675
23.6055 9.73747
0.625374 4.16634
17.6296 1.83707
17.768 1.068
16.9576 0.00738907
0.966267 1.90999
20.3761 9.89193
8.68888 5.10711
18.2579 5.4068
13.388 9.30475
21.9538 8.00915
21.7815 2.72428
14.577 2.185
0.805498 0.859798
15.18 4.97822
24.0851 0.0897141
18.968 3.758
20.9195 8.90028
21.4529 10.0162
7.00977 11.513
14.9709 1.93863
14.9408 6.48326
6.00635 7.87938
6.028 4.968
0.680469 4.64176
18.881 10.792
4.87755 2.84922
22.7209 3.15762
21.531 4.843
10.51 2.53806
9.931 1.666
6.634 4.35
16.1881 10.2492
16.211 8.16369
24.6196 3.9665
3.30639 7.72034
22.548 3.454
17.132 11.589
12.195 6.18266
0.589 8.977
18.053 1.308
8.42342 12.176
3.97756 8.31787
9.492 4.923
12.2768 3.14577
7.81295 1.57479
5.57069 6.64865
5.79304 7.41207
16.9503 7.34481
12.1021 4.04916
15.2535 3.80132
16.0425 5.25557
18.1437 9.70983
17.2919 3.40517
0.83202 0.322916
12.673 9.704
20.5671 0.247297
0.353237 12.2907
23.3895 10.2903
0.192668 10.5135
23.915 5.592
10.099 0.63
20.965 10.784
22.9417 1.85755
5 8.699
10.6253 5.86972
15.9441 2.54933
0.227814 2.8844
17.4174 9.25675
6.82324 8.54114
23.7909 6.15452
2.748 10.444
19.143 6.767
19.609 2.466
24.96 4.003
24.6262 5.10928
20.9642 1.72238
10.109 5.479
16.064 9.824
17.8987 3.85327
23.867 11.2303
18.9028 2.81788
1.05974 11.8426
11.7594 5.55915
18.1984 1.27246
19.4133 9.02247
16.7536 2.25283
9.619 4.9
3.8279 2.45195
24.622 3.479
14.3769 4.60613
24.8436 11.38
15.0098 5.72011
24.287 8.71021
14.356 6.283
11.182 3.897
11.3743 7.68581
10.9985 9.26278
16.7054 4.16685
2.475 0.517
2.40997 3.90507
20.2952 3.51471
5.33656 0.474918
0.402 9.315
7.30978 4.43717
11.0654 1.75068
2.047 2.308
2.825 11.605
24.215 2.786
0.836616 2.71422
10.983 1.90634
20.674 2.208
17.4528 2.55612
1.74353 3.81678
23.975 5.655
22.3646 3.07098
1.2321 11.8473
20.4986 3.86956
0.109249 5.84322
2.45871 5.93701
13.175 5.674
18.3995 11.1677
16.0266 6.34627
10.9064 8.9262
17.6766 11.4575
10.153 5.126
9.47038 3.95264
10.8035 12.2876
2.936 8.183
13.051 2.865
15.9383 10.9438
18.5008 10.5541
2.19555 5.3725
14.8937 8.34277
17.0806 7.95158
2.97062 0.696407
1.57179 2.42862
9.24608 3.33218
15.5559 4.25659
2.95712 3.58575
1.129 10.177
5.34267 5.03768
5.53228 1.6854
11.5364 6.11864
21.1547 4.96675
4.12447 5.01875
2.12397 6.74394
15.5232 6.01976
2.19701 0.118792
11.786 7.468
0.0339818 9.4868
17.7508 9.31457
10.8973 10.2722
17.315 9.242
3.34912 2.96649
17.3448 9.09339
6.09598 5.82233
8.64737 6.21872
12.6484 0.798738
24.1844 4.56046
16.836 0.618
8.24158 10.1832
1.746 11.514
18.369 0.841
7.69454 6.3519
2.65851 6.5617
2.991 11.93
24.7703 6.7698
8.23023 11.2673
15.9192 4.46706
3.216 7.37615
5.13857 7.732
16.054 7.846
17.782 10.203
21.9408 4.65041
9.77715 9.90069
18.1953 0.0468025
4.74734 6.43577
5.64354 5.33064
11.2363 3.33301
18.18 2.8767
4.26099 7.85517
6.315 3.872
9.772 2.034
20.3402 5.65961
11.8438 1.76468
15.695 11.727
22.5084 5.15823
17.3433 6.81102
8.802 2.397
6.268 3.784
5.818 7.105
22.707 0.954
6.00883 9.57473
4.89026 0.691727
11.9999 4.57479
5.039 9.47
4.90867 11.1461
16.7329 3.83743
1.435 11.423
15.0095 11.5747
5.973 8.637
9.27804 9.0092
10.0644 5.61922
11.524 10.7683
15.092 1.892
22.3277 6.21368
7.698 1.384
22.898 3.50523
18.018 10.454
2.12644 5.36382
13.86 6.352
4.77635 6.61467
21.956 2.02
3.59989 10.8341
0.99 12.633
22.015 8.498
14.7724 1.69063
18.3049 5.83353
18.0919 8.89908
8.164 8.578
9.62665 12.2054
19.5486 4.38048
22.4669 6.92826
24.455 0.125
10.2976 0.324993
11.766 12.31
23.8198 11.7563
21.694 2.91538
0.717 11.991
1.123 10.889
21.6927 0.213062
11.4314 4.88278
16.0559 7.63247
1.72233 12.3495
21.654 5.6458
22.505 1.033
13.024 5.028
7.80975 10.0827
12.4735 8.93702
12.4267 4.31032
21.9093 7.36242
13.3632 5.98561
18.2131 10.4169
3.54604 1.79132
22.355 6.708
13.9827 9.55952
13.231 0.1
12.9082 2.60232
4.744 4.929
23.2408 2.8189
4.9634 9.5652
1.36578 2.25906
22.03 4.241
14.9267 4.05117
9.09106 0.77733
14.296 0.15
5.079 8.904
4.62346 4.06507
12.223 2.192
17.514 0.971
24.9742 5.57029
17.719 1.258
24.291 0.394
0.544 12.577
24.8705 6.78306
4.20744 9.53319
12.026 4.222
10.8789 9.60118
17.3417 4.42291
19.6793 6.89878
0.146369 3.66666
22.75 0.063
14.4086 4.84066
15.785 5.2549
12.314 10.2077
4.27511 9.97681
22.668 2.633
10.2125 5.82149
19.5908 1.82039
7.59368 2.63671
5.841 3.203
21.632 10.75
10.205 10.579
10.708 1.32428
3.77209 10.7509
2.196 10.917
9.431 4.79
8.64914 0.806242
18.8092 0.173235
16.6233 2.7306
8.41861 9.98011
11.939 5.267
2.34897 5.18027
16.3426 6.03786
11.7525 0.0499268
9.65629 4.53156
21.2166 4.38153
14.427 5.974
7.534 3.256
16.9989 5.69604
9.1488 8.35337
12.8187 3.0658
14.996 7.304
12.4001 11.8093
10.955 10.2347
0.276754 10.8205
21.4738 4.35888
22.8953 9.4987
3.592 6.643
14.025 2.62238
8.938 10.059
15.0796 6.6193
0.688587 3.61547
23.3763 10.0939
11.8797 10.8519
21.8514 11.4943
21.38 2.217
3.28732 11.0531
18.8944 5.92282
2.679 10.469
5.03931 7.12048
19.042 6.629
23.544 6.006
7.32204 2.28663
8.88611 10.7893
10.426 12.1
18.568 2.431
7.52568 2.83393
7.18416 4.5288
15.261 7.12797
20.4999 8.43745
15.697 10.697
16.5024 7.38097
7.05779 3.08359
7.91519 11.1198
1.827 2.246
16.7 7.355
15.291 4
12.954 5.712
