12.072 15.455
2.19328 17.9954
24.8139 16.7323
17.353 24.032
8.44362 22.4832
6.71674 19.0836
16.0276 17.9844
20.924 24.955
15.41 21.596
6.655 21.534
7.29469 13.886
21.539 13.779
10.572 14.887
18.4492 13.2524
9.57075 13.0284
11.621 16.681
13.277 12.48
6.99234 16.2259
7.486 24.893
22.4033 13.24
23.254 23.868
20.5272 20.7132
17.12 19.266
10.948 21.69
18.74 21.8522
16.894 19.961
19.853 15.651
24.018 17.099
7.24734 13.0607
21.3305 24.6554
12.557 20.26
13.6793 15.9778
22.168 16.886
17.3515 17.3684
24.517 16.848
8.947 22.993
6.157 16.373
15.4543 20.955
22.1238 23.5867
4.14593 14.1176
0.915777 15.4789
20.994 24.921
16.769 19.109
21.0639 24.937
14.3405 15.6159
5.93766 13.0153
24.2165 20.199
2.283 23.548
12.0647 23.3661
12.606 13.69
7.799 21.226
9.78955 15.6366
15.493 16.195
9.745 21.298
5.129 24.505
23.053 18.287
6.7659 12.7688
18.53 17.581
11.4193 12.7535
8.764 24.391
6.09493 22.2295
21.677 22.798
17.5773 14.5119
17.6253 21.5357
9.091 19.487
21.5821 24.5691
19.8426 17.4118
4.572 17.95
23.4353 20.1696
15.2311 15.5928
18.9895 12.318
3.23455 15.9032
10.0944 20.4357
13.78 20.946
7.12136 22.3122
3.6289 19.8468
15.736 21.348
0.766598 16.2388
0.309341 14.518
12.1843 12.4312
20.103 20.089
16.035 16.739
6.047 18.807
22.971 23.719
24.161 13.6105
11.894 20.589
22.3191 12.1671
8.30053 22.1247
7.233 13.032
3.30036 17.5213
2.653 13.291
12.01 13.016
13.1229 19.1533
0.521292 13.2308
8.58989 18.7729
19.9716 22.3285
17.5505 14.931
14.167 16.855
22.1107 15.9806
21.4686 16.6501
11.1222 21.9086
10.228 19.671
7.11487 14.9736
15.5344 22.5332
17.0939 18.8018
20.81 22.815
2.85348 23.1327
11.0805 19.9773
24.182 16.375
11.046 18.924
5.34682 22.011
15.304 16.399
20.355 18.386
7.74225 15.8968
17.2167 16.9035
17.8275 24.1475
21.2214 20.9487
4.55836 24.0057
0.934049 17.1421
13.3035 16.543
12.2485 15.6678
8.95624 18.7969
5.26457 16.8643
24.7161 14.784
19.1814 19.134
13.8819 24.0093
3.75883 21.7689
22.2223 20.149
2.39505 20.4302
20.3076 16.0641
11.6874 23.1718
18.276 20.546
23.478 16.209
5.711 21.995
3.5041 20.3906
0.302786 19.2814
10.835 17.226
21.739 12.356
9.23746 14.1721
0.31 22.125
1.91339 15.9574
22.246 22.995
16.64 18.968
5.632 18.544
19.6423 15.2858
21.229 13.9331
12.1107 24.6801
9.05247 16.6303
1.512 22.751
13.0182 16.4918
16.5453 22.9331
17.7727 13.9939
2.05629 23.973
12.8849 18.7336
5.09265 14.2376
22.9777 23.8751
19.2166 23.5601
9.0135 15.1668
14.956 15.876
6.07266 21.6984
6.4218 12.8643
14.3711 24.6296
16.2258 23.1818
6.07178 16.1249
8.33665 13.1273
10.4172 20.0279
0.0833702 19.6115
9.541 24.901
19.9561 21.3227
9.524 19.288
6.18592 15.0971
12.178 19.411
1.7263 13.8566
3.86761 18.3703
1.62888 22.5066
6.69069 24.5904
14.3429 23.7009
21.271 15.473
19.549 24.3364
11.8856 14.29
19.2046 15.5001
11.742 17.319
14.1951 12.4158
14.2686 20.2299
7.043 16.842
7.315 14.842
8.266 23.227
7.98509 19.0594
10.1777 21.7854
23.0033 24.0425
17.3965 22.668
17.8835 12.5695
22.9162 16.2949
15.7523 15.5448
16.8142 18.6603
1.15147 21.8254
14.873 16.8142
7.714 22.256
22.5474 19.2994
11.788 22.049
15.0489 14.6879
12.309 19.012
5.199 14.633
11.9274 18.2701
15.116 14.4676
10.8901 23.295
5.18827 16.9272
4.51948 20.1664
4.23622 24.6715
12.0143 19.6601
19.9714 21.648
18.251 20.763
4.0747 20.3177
5.148 17.154
10.8395 14.1852
4.95095 13.8406
4.93744 15.9947
10.7982 13.1413
17.449 23.397
7.17222 17.1342
17.2743 13.1233
16.0324 17.7921
2.4511 19.1239
7.046 21.299
11.0668 13.839
11.3674 18.7705
24.2281 21.3641
19.8732 17.2365
23.1865 15.0252
17.768 14.7981
17.468 13.6738
10.235 24.4675
5.428 13.238
16.411 20.137
1.224 19.994
6.24473 24.6639
18.0211 20.4104
18.3866 12.3081
22.0958 21.2163
0.214767 15.612
19.979 20.679
19.8087 18.0362
22.199 18.084
6.57529 19.5654
11.395 22.607
19.8765 21.2188
1.568 21.503
13.1599 15.4424
9.835 22.687
3.22495 23.4112
21.3392 20.8046
16.3758 18.3318
24.3867 22.9787
19.525 24.192
20.695 24.429
18.279 19.3411
20.2595 15.0579
20.755 16.765
21.79 14.33
20.881 23.738
5.505 19.009
16.7694 15.5403
8.643 18.29
20.7957 13.3423
16.767 19.721
11.486 20.909
10.24 22.244
22.8096 15.3326
4.52902 19.2122
19.776 22.64
15.93 19.444
4.438 21.295
20.0277 16.935
3.684 24.071
21.315 21.595
23.7669 16.7734
11.766 20.299
23.1197 21.24
15.5923 20.1063
10.2897 21.5573
12.5499 19.8122
9.5298 19.4024
7.89011 16.3945
20.9122 21.8432
7.22972 20.8379
20.148 18.7596
17.3807 14.5298
10.537 22.937
2.678 21.715
7.913 23.053
24.447 24.038
10.171 22.0927
18.898 20.9912
18.178 24.504
7.82699 19.4196
10.4163 24.5535
22.5174 16.0278
12.4872 12.7374
23.2492 15.1516
22.3378 21.0913
15.7483 17.3739
3.17746 14.7067
10.364 19.715
24.038 16.71
11.9273 15.6201
18.4698 18.6318
22.6361 13.8058
5.92695 16.0768
8.13025 12.9768
0.739907 18.2064
7.0865 17.0888
9.45063 16.6007
13.0763 22.8268
14.4967 24.5938
19.053 21.96
3.04 21.607
4.94108 19.2519
21.3927 18.7255
6.06275 13.4561
18.1239 21.721
7.571 15.83
15.7146 13.9298
10.474 16.243
15.4864 18.5222
22.1922 19.0916
7.507 21.786
13.5446 16.0397
20.9487 15.5659
19.6352 18.4095
22.433 13.21
1.40823 16.4318
23.3961 21.0789
4.543 15.317
4.51552 23.5542
6.85782 22.5435
22.35 12.689
21.608 14.404
1.70138 16.4487
2.364 23.37
8.14304 16.2986
4.1181 18.4303
16.2337 20.7119
5.86486 17.74
15.5591 21.5248
10.9805 14.9011
18.7387 23.0398
4.01592 20.0848
21.4637 20.9082
6.97816 17.2259
18.709 14.499
19.809 23.7116
23.2939 20.4591
24.148 22.925
5.237 14.623
12.9027 17.4586
4.38123 17.8076
1.16522 13.6635
2.467 21.208
8.54329 20.1765
18.847 17.791
8.05209 20.0227
6.99323 22.9022
3.43444 16.2521
8.52 22.419
2.85936 20.275
3.95522 16.3136
17.2264 12.4629
10.9958 21.7379
22.6426 19.8431
16.423 18.407
18.936 22.461
19.88 24.964
22.0782 18.5362
11.64 24.964
6.35564 21.6664
9.606 18.735
15.2315 17.5792
2.427 13.523
10.984 22.365
0.384876 15.9175
14.1233 19.4992
4.212 13.182
19.825 17.07
10.805 15.641
17.6754 19.3935
15.072 24.328
18.5911 12.7642
23.04 18.049
12.3087 24.6121
14.0313 19.6399
19.7389 15.9126
21.556 18.133
16.6859 23.3707
7.239 21.757
19.028 17.731
10.78 18.1
13.0101 19.0262
2.99252 21.1955
17.6446 16.0569
24.8051 17.6079
24.9712 19.2842
6.23138 16.5989
3.225 17.459
22.1299 14.0854
21.3486 14.1154
4.016 24.807
1.92 22.819
17.64 19.8491
19.0086 21.1582
22.274 16.646
17.4631 20.4079
10.2442 20.159
21.2638 24.1104
11.8819 23.0051
1.45074 20.9039
14.783 19.637
3.4493 16.7408
6.23391 17.8095
1.89664 13.2208
3.48087 17.7882
9.67 22.673
5.00611 15.3574
16.9659 20.3977
5.677 23.851
6.042 14.882
14.421 19.973
13.666 15.426
16.449 20.692
13.5251 22.0378
23.5452 24.1364
8.782 22.583
21.434 16.482
6.365 17.336
5.78814 17.6722
15.5004 14.7517
19.7681 22.477
0.689 22.412
15.5052 18.4718
24.909 17.416
8.898 19.946
4.52143 24.8684
1.351 21.692
2.725 20.489
7.891 17.174
14.586 18.086
1.13081 21.0954
2.213 13.2551
17.2543 17.6711
21.657 15.518
12.21 14.454
9.943 23.967
16.141 18.928
15.5247 15.3776
17.5753 20.6954
11.204 19.41
17.9532 14.6678
16.8356 20.5521
5.851 14.52
10.996 23.9544
21.9519 18.8264
23.1952 15.2321
4.958 14.364
8.774 20.833
6.17667 22.4431
2.07775 14.0277
3.46547 13.7627
20.7123 12.2352
3.63576 23.6079
3.50397 24.0692
5.16492 14.6109
4.479 24.08
5.97 24.795
4.569 17.936
2.69797 22.6389
6.888 19.053
18.1645 16.8553
15.16 12.994
16.4613 22.2382
8.29004 21.8267
16.2233 22.9839
9.89525 22.6301
3.62709 21.8756
3.54269 22.9047
14.9341 23.2526
18.492 22.866
7.92354 19.5097
10.5602 14.6582
11.776 15.866
6.15011 17.1343
10.045 22.468
3.28313 23.6931
15.986 24.213
2.15844 24.0259
19.259 15.864
10.7396 20.9286
16.597 16.48
15.3003 21.868
24.498 19.129
11.1867 18.4921
20.3637 21.2119
4.47046 21.0802
20.554 23.644
14.8504 17.6937
6.127 15.953
11.3487 17.9846
2.52148 22.4702
15.522 19.434
3.406 24.894
4.585 23.766
14.6621 24.6479
5.47285 13.9598
3.221 17.536
18.003 20.638
21.1602 12.8715
16.0715 13.4749
6.519 24.353
5.04257 18.7715
7.11384 23.3564
8.56139 13.4963
1.28843 20.3525
13.6073 14.9151
5.983 15.02
4.24396 15.7253
22.44 14.9355
22.6451 24.4886
2.194 24.366
4.27105 15.509
11.548 21.692
22.9371 18.1448
10.889 22.769
11.816 15.179
19.4836 17.4149
18.0966 14.8011
17.9111 17.264
19.3847 16.3459
23.824 17.301
5.11157 17.5299
10.8661 17.7312
9.36254 16.9763
16.6375 19.2435
6.9562 23.1397
19.9195 23.6628
12.9639 21.1631
5.704 22.83
5.512 15.069
12.2971 16.6577
16.822 20.718
24.941 20.304
16.271 22.23
20.7567 24.2072
12.7094 13.3865
9.92946 23.0137
8.0032 19.8658
8.324 23.307
6.811 23.5518
10.381 14.5717
21.9956 15.8647
8.922 22.274
7.54228 24.4761
10.4283 13.2324
17.2209 15.7496
19.0357 13.3215
20.417 14.548
10.5931 14.322
20.082 20.523
20.0925 16.428
23.9202 15.5774
6.22961 12.5463
4.054 19.531
9.23 21.804
11.352 13.463
19.5193 21.563
10.34 24.436
9.2712 17.5197
20.1328 18.4076
19.562 20.4393
4.971 24.454
10.8869 19.4054
16.726 19.934
9.751 15.384
14.821 18.409
9.06244 23.9165
15.4024 21.0608
13.8392 19.6924
11.5541 19.0597
3.95221 18.64
2.30636 24.8151
15.973 19.1918
4.3967 24.5387
24.4893 19.1996
1.54473 22.0732
18.0711 24.3703
19.788 19.853
9.70247 20.4042
4.79756 23.7277
4.317 15.206
3.9485 15.7976
19.015 19.506
8.685 15.7654
1.244 20.296
19.2494 19.8858
8.829 24.137
24.3743 21.2261
1.67957 13.8154
19.582 15.928
10.435 21.261
12.8095 18.0642
1.82052 14.4507
7.8028 18.1921
16.2319 16.7461
24.6388 23.3712
19.391 22.86
4.02225 19.2528
23.0556 18.9031
24.9325 13.5913
18.2351 16.3011
10.4234 17.6087
22.1354 24.5668
3.05638 22.916
24.51 20.411
16.811 24.993
18.8394 19.3301
17.097 16.202
2.547 23.943
18.3434 16.5613
5.60104 16.2308
17.8087 13.5862
24.075 18.136
18.129 16.894
16.9914 12.4926
24.5522 20.3273
6.48951 23.0519
3.13994 15.7081
14.482 20.897
8.21331 24.6723
16.9864 23.575
11.6807 18.6921
24.094 20.116
16.8965 21.1984
13.0652 23.2787
11.6775 14.3958
6.607 17.595
22.282 13.621
15.113 19.328
14.0349 21.8515
15.4384 24.8522
18.3498 24.4266
6.687 15.731
6.1278 22.9667
2.19832 13.5318
18.238 19.02
6.50219 17.5048
23.9261 23.352
14.023 13.67
23.95 23.406
18.1268 15.8794
7.442 21.414
11.02 13.3098
6.86 17.295
23.1628 16.9755
8.938 23.623
14.0275 14.898
7.08945 22.1954
10.5166 24.4965
13.7345 14.3399
18.0363 15.6176
5.359 19.513
20.5472 19.3487
7.95968 20.5031
13.195 13.047
18.0151 14.4693
23.9863 13.7006
13.545 16.874
14.92 12.7246
6.638 23.385
10.188 19.185
4.996 14.43
12.7662 16.1016
22.9601 22.0562
19.608 18.3303
0.63 21.992
9.117 18.908
15.139 18.749
10.3439 20.8613
19.355 16.428
16.8425 16.2854
2.19684 16.2011
18.3096 19.3868
19.9535 14.2757
24.7092 15.504
9.6488 14.8279
24.2576 19.9711
8.62343 17.0823
15.109 24.435
1.94355 18.3761
11.26 24.001
23.1638 19.1582
8.773 19.503
5.505 22.687
17.683 13.287
10.7667 23.8027
20.7211 14.5933
9.92391 18.4782
4.97192 21.5054
19.9663 14.7577
12.9645 16.5549
20.5434 19.3316
17.7124 24.9863
16.1212 23.2783
19.4706 19.5444
13.621 14.107
11.456 20.9193
0.415728 22.7301
23.6812 12.7812
5.821 19.077
6.157 23.771
23.1085 24.2428
14.2248 17.5228
0.66711 24.3439
16.5529 12.2949
15.885 16.871
24.696 23.713
8.877 12.9861
5.98842 17.8953
20.5721 15.6019
4.464 22.024
4.16092 20.9818
3.88 21.498
5.7232 21.0837
1.242 23.433
23.0011 14.5469
20.343 23.993
10.0507 14.1563
6.431 14.46
17.456 15.666
12.164 19.725
23.1806 15.261
3.9131 22.1836
13.9017 16.5262
9.502 20.146
4.553 23.122
12.582 17.96
24.1865 24.76
22.785 17.476
3.58055 18.0678
3.28483 19.1173
1.16238 21.2367
23.8064 19.3134
2.06001 24.0917
1.257 23.414
8.61174 18.0883
6.35798 17.5443
1.94756 13.5902
19.3892 23.2565
16.6397 12.2536
20.9437 24.6618
1.673 24.046
18.7381 23.6086
20.522 18.486
20.483 17.495
5.33 21.461
17.516 22.592
23.6911 16.5933
19.628 16.867
15.913 19.486
20.5604 13.352
4.51969 20.4538
24.8419 20.5616
7.534 19.84
6.62405 20.1851
13.513 15.856
9.44985 14.717
16.3922 16.0275
15.717 24.319
1.64815 20.6241
5.77529 14.4277
8.73501 21.0729
4.27026 14.5912
16.4294 17.0628
15.993 22.069
10.7145 17.4948
13.6323 14.5721
14.2672 15.9876
19.2263 16.8954
12.4333 19.639
22.188 20.77
6.159 18.15
6.07832 14.9276
14.0593 18.5633
7.644 20.128
5.095 14.246
10.0904 18.0977
16.894 21.001
16.196 21.9892
5.376 15.783
24.8824 18.1586
10.587 18.977
14.8195 16.4966
15.717 20.177
7.25113 21.3419
20.3064 18.5192
10.911 16.006
8.56563 22.7761
15.933 23.437
17.414 16.633
18.104 15.864
11.041 15.654
5.30917 13.0491
5.60199 14.1298
21.596 17.457
6.49022 17.2128
14.9488 18.4346
12.9032 12.6526
3.142 22.972
17.1678 12.4185
6.847 24.84
12.6999 19.6715
3.51916 24.9708
12.2718 16.9087
23.1349 18.6809
14.698 13.561
11.533 16.303
3.59743 13.8177
1.56493 18.7299
4.055 24.897
11.5258 15.0732
7.08856 24.0099
4.065 21.399
10.9648 18.965
18.1506 23.1471
17.7695 16.3094
5.626 17.756
0.151014 23.9782
7.33765 18.1575
9.57368 22.1133
0.895111 20.1991
21.2524 16.1831
1.48346 19.3578
6.96 17.106
17.5376 16.7199
4.07498 14.2899
4.112 21.875
1.89377 17.1321
15.5582 24.9195
19.205 20.608
18.7984 18.5272
4.97832 22.1714
13.161 16.456
4.02437 24.465
8.765 19.396
18.8623 21.9054
24.4251 15.7305
21.338 18.526
11.6755 24.0926
5.198 21.774
6.96239 24.1649
18.847 15.938
10.334 15.316
10.7697 16.6029
17.998 12.3613
12.719 15.415
9.125 20.922
21.8356 23.387
21.241 21.473
7.71896 16.4741
24.1068 16.3031
4.16394 20.2423
13.9046 21.6798
15.666 22.479
15.7212 22.8298
19.559 21.796
21.1908 22.8827
7.75 23.587
12.5531 16.2627
13.4332 22.0444
21.63 20.767
20.9471 19.126
15.423 12.9368
13.1254 13.1648
15.6037 17.7671
21.7772 20.2138
21.8669 17.8026
10.3373 21.8029
0.52788 20.0452
13.807 15.525
19.6402 18.2258
17.555 20.813
12.8433 19.452
3.298 23.05
14.7453 19.6051
15.045 18.315
12.5659 14.1958
21.2337 22.5586
16.454 16.435
12.248 13.238
16.169 18.493
11.2628 20.3491
11.822 14.692
2.5167 18.616
13.5299 16.5475
22.8938 15.5815
9.993 21.109
5.63014 18.9303
19.9585 18.9872
6.91424 12.617
20.846 14.767
4.79606 20.4612
16.481 18.774
21.6241 18.6179
21.3735 18.0735
16.9803 15.3386
15.6023 14.2214
7.12466 15.2493
21.821 14.631
1.70715 21.3013
12.1872 13.9004
15.042 14.362
17.7716 24.8322
16.9824 19.3105
21.523 23.615
13.4904 21.3463
10.6655 20.6988
8.411 16.74
2.1382 15.3655
3.947 20.055
4.63917 15.8087
16.0334 18.0109
13.7727 21.8714
5.533 24.877
8.10087 15.2989
11.4737 20.2842
19.7951 21.4957
18.6846 22.2509
5.31097 12.6499
2.74253 19.3482
12.691 17.588
19.0445 19.3265
13.777 13.255
10.3897 24.1566
13.3798 21.3438
11.2603 19.1418
9.21655 20.1443
5.76956 16.323
16.48 21.966
18.3268 12.5401
14.747 18.814
7.04674 19.5672
2.13724 19.2738
5.206 19.293
11.7345 16.31
15.4415 13.4969
8.1595 17.9008
11.58 14.67
24.8135 21.8037
15.6658 20.9846
17.9192 12.7152
19.852 22.516
17.7615 18.8703
7.65033 17.5291
18.231 19.831
9.501 17.238
1.64726 22.27
4.809 22.23
0.37537 15.3573
22.534 20.268
5.41836 15.7517
15.2163 13.7625
8.24452 14.7179
14.279 20.653
0.597282 17.5729
14.6211 19.5039
19.7592 19.6401
9.25326 15.9986
0.725806 14.4746
8.20651 16.1043
8.52015 21.3071
18.2696 20.4919
4.31182 16.1809
17.7485 13.9509
5.6933 21.2604
21.712 15.312
4.475 22.763
16.1226 19.1974
16.0714 13.9189
21.8378 14.6817
12.377 19.607
10.234 20.824
20.9557 13.8559
7.14584 24.2509
23.035 13
23.15 13.309
19.8546 23.2157
12.872 14.2608
0.636858 24.1395
11.8131 18.7538
16.8512 13.6877
6.076 14.536
1.07316 20.3924
19.3589 12.2823
3.257 21.915
22.9737 18.7707
24.924 12.834
16.3732 15.8573
14.658 19.238
1.1294 18.8457
21.12 13.855
7.91783 20.781
5.40253 13.0259
11.436 20.35
10.4003 14.0472
7.13591 13.3281
15.5054 18.3771
20.174 23.266
18.1429 15.8403
16.0829 20.4137
11.119 16.691
12.042 12.437
16.613 23.997
0.341266 15.8878
9.15262 20.848
0.24367 15.7911
0.14631 22.929
2.14482 22.9891
16.8708 16.3524
9.86566 14.7043
8.805 15.333
18.1 22.403
7.23718 19.6456
5.43539 22.6512
12.82 12.343
9.52308 21.7235
1.86923 18.4193
20.0926 18.4739
18.492 24.812
19.2179 21.6987
10.013 24.592
2.96023 19.8864
14.4716 23.2072
12.758 15.7173
9.13361 16.597
3.45175 16.7486
2.373 21.983
3.222 21.58
2.07646 24.4272
8.48803 18.6658
12.0444 22.2571
20.7735 23.4534
7.36103 20.503
18.261 18.783
7.81269 19.8889
22.532 20.181
10.4121 17.7296
18.215 16.743
5.92809 22.4461
11.3539 21.7804
23.2184 20.3049
16.3991 15.1811
14.3699 15.3225
6.785 21.422
12.23 17.156
8.899 23.053
24.6616 15.5341
17.4506 15.0594
2.49866 17.2592
2.87963 18.2273
7.45282 17.1539
1.158 22.105
5.85701 14.0531
5.39015 24.0856
12.722 15.515
20.732 14.495
13.0615 20.776
15.777 22.476
2.212 20.463
8.54545 18.8119
19.6789 19.9747
19.417 14.695
13.3117 24.3864
19.5268 24.8716
17.597 19.491
6.98234 13.8222
9.839 22.404
3.79399 20.1557
7.50314 20.7246
24.8435 19.1681
8.6901 23.0399
19.111 22.626
8.08834 23.6028
12.075 19.6678
13.4581 19.666
15.12 13.763
2.992 20.353
20.5721 12.6854
10.2339 18.522
19.5865 23.002
16.812 23.687
6.46804 18.7891
4.024 15.732
4.496 19.27
12.4383 18.9523
22.6919 23.6892
6.574 21.392
10.302 22.585
21.272 21.137
21.4243 21.433
13.142 13.222
21.1817 12.386
7.82198 20.9788
2.03278 21.1628
10.2782 16.645
4.01553 20.7466
22.7028 17.9409
24.1662 14.9656
15.5106 18.8704
13.5202 12.8711
12.4447 15.5493
17.683 17.321
17.849 24.085
19.7671 21.2841
17.514 21.0223
9.99526 23.8779
6.37526 16.8985
19.5548 17.4385
22.081 24.458
1.06031 17.1887
9.255 23.063
8.99905 17.0573
21.751 12.652
17.3019 15.5819
14.9076 18.5669
5.23516 18.0782
12.2818 20.3387
14.7426 19.9781
15.4312 21.3807
17.0403 19.2619
10.4776 22.4458
22.5633 24.6707
10.569 19.488
9.62227 17.0072
17.9718 18.8979
13.3926 15.7039
13.8539 21.5401
1.32324 24.4063
13.687 20.125
4.883 24.569
10.1259 13.4655
5.06997 24.6009
6.322 13.53
21.817 19.541
6.8345 24.9797
4.19001 15.8104
14.7041 16.9847
19.5938 15.5373
20.8674 13.5809
8.073 16.571
5.1 20.824
15.365 21.928
2.19737 16.5414
15.216 18.188
3.4644 19.4336
4.322 18.254
3.577 24.053
15.7894 21.1591
4.671 16.863
23.4234 20.6116
2.327 24.587
17.776 21.193
5.47405 15.5004
23.931 18.139
19.6224 13.2295
22.359 15.205
22.2426 18.6119
1.01531 19.772
16.1994 17.2909
4.365 22.673
1.36131 15.4703
23.809 16.502
5.015 18.948
18.0724 22.8314
22.7758 18.0506
6.403 15.142
5.50006 14.9972
5.716 21.149
16.4399 22.6024
4.267 16.135
10.083 15.442
17.795 16.06
17.53 22.536
12.678 13.035
21.078 18.072
12.8911 18.1488
15.826 22.205
1.01663 21.5855
16.5273 22.9606
4.30562 19.4193
9.48016 23.2419
11.0546 13.1459
24.6125 14.6473
13.0464 19.0537
0.797 23.409
4.22699 16.0356
16.5401 22.1
11.1436 19.4302
17.4162 12.6143
11.051 21.635
9.627 20.19
19.6387 19.0753
2.76726 20.4733
24.7115 18.8719
6.494 17.499
2.332 21.815
9.37207 19.8189
18.2797 17.9556
16.3984 16.0899
21.1195 16.4
20.159 15.236
23.6978 13.7251
22.739 17.017
19.3783 19.9686
7.774 24.573
7.542 21.841
8.89118 17.5896
9.46895 21.1501
22.3665 12.2423
18.945 22.111
12.7558 16.3689
2.81151 20.092
10.391 15.052
19.5404 22.3246
10.627 16.277
5.441 23.358
19.3463 14.7328
8.96 24.667
6.417 14.449
10.7323 24.1762
15.3117 21.6387
0.697219 24.736
23.503 23.62
19.5584 24.5291
21.082 19.534
19.201 12.743
23.291 13.2941
16.2569 23.7378
4.11 16.707
4.70913 23.7828
12.8963 20.4581
8.819 15.161
9.695 22.016
13.2236 22.4526
10.5013 19.3524
9.48846 21.0426
19.234 15.634
6.06036 16.4751
17.3131 22.134
7.141 23.799
20.815 24.545
18.7688 17.3621
5.87154 13.0882
23.1032 12.2495
12.4556 19.1009
18.6182 12.6232
7.78238 14.9169
4.291 20.424
19.969 24.149
24.396 23.202
8.7434 23.7736
16.2653 12.9288
7.123 15.149
10.6596 21.4757
3.02618 13.0363
16.5624 12.6385
21.198 17.975
15.7051 24.7269
20.789 16.329
12.6788 14.8223
19.347 20.745
16.8552 23.6076
16.781 22.64
3.0863 19.6211
16.9698 21.0492
13.1299 13.0881
2.992 21.919
10.2875 15.0252
6.50235 13.7681
20.6 21.43
16.2949 21.8232
11.8423 21.6477
3.594 16.125
2.788 16.987
12.3009 17.1851
12.542 21.8891
17.7358 12.666
19.9609 24.5273
22.2436 18.5847
10.9558 17.2512
18.0518 16.6793
20.4322 13.7451
18.0898 19.6003
7.2 17.158
24.949 13.4294
20.8664 13.8322
9.798 19.99
9.04102 17.4744
18.6482 18.1051
8.90931 16.1721
16.9964 16.1545
6.183 15.42
20.121 15.575
4.74957 15.8275
0.344618 22.193
16.1375 19.7963
20.6974 16.6164
19.6458 21.0343
19.9402 23.9125
8.23048 13.3485
20.478 20.118
13.5232 16.8913
24.7052 17.8496
23.1389 19.0694
8.8356 23.4716
20.8666 24.5881
23.1205 23.2778
14.8444 12.3201
10.1075 21.9896
21.943 17.788
4.063 16.199
2.54274 19.3078
4.54589 14.9238
18.7961 13.6536
7.85302 17.2134
2.15312 19.8541
6.49064 20.4949
19.226 24.024
15.223 20.892
4.5808 21.9268
22.017 20.7164
11.538 19.0826
14.889 17.5689
3.108 23.864
21.1558 16.2454
16.588 20.393
12.3521 24.1172
15.42 20.799
3.97475 17.1362
8.54175 22.8782
2.05971 20.0452
11.141 16.519
13.9543 16.9553
3.615 23.789
14.1689 21.3339
3.16271 17.9975
14.2955 19.7948
21.3733 15.9344
22.1722 12.4558
14.719 19.1119
17.3374 16.2641
15.487 16.954
8.07578 23.2198
11.917 22.1335
10.494 13.116
13.979 15.917
18.0471 16.2666
18.0462 18.6651
3.824 17.112
1.63033 20.7464
12.3303 22.0344
12.1976 23.9388
4.23894 20.4351
10.3787 15.4781
20.7911 23.2541
13.8755 21.4949
15.7687 21.7027
5.695 12.911
23.278 22.3107
10.3917 24.9679
12.2558 21.8456
24.249 18.005
4.71989 20.2967
8.03 19.651
12.2478 15.9143
11.9953 20.2803
9.692 19.39
12.615 19.905
5.661 17.613
10.618 22.321
8.29213 13.886
18.5675 12.5594
10.6443 15.8002
7.27674 18.8129
0.11056 16.3979
20.5473 13.0721
19.9191 17.9153
2.57843 24.6505
14.564 14.363
19.033 18.799
11.7501 23.8142
20.9966 23.6196
4.27302 13.9371
7.717 16.565
4.98507 16.0106
0.572508 15.724
19.9898 12.203
23.9208 14.2988
11.024 18.0875
0.334499 18.3722
10.1616 15.8094
10.4309 21.5867
10.892 18.288
4.62583 22.201
14.0569 21.699
20.602 15.652
11.993 20.2799
0.179552 18.5629
22.819 17.5766
19.713 24.277
17.565 21.573
7.9527 13.5585
7.28049 14.4863
16.0213 21.6858
2.34081 19.6755
7.00455 19.2207
12.206 19.3
10.6992 20.8095
11.223 18.127
11.2364 14.7848
11.566 15.961
22.587 17.912
17.992 18.341
20.8437 19.2408
19.568 16.509
6.159 18.989
12.1675 16.6925
24.8617 16.2741
0.426 21.929
14.842 20.363
23.4291 20.9774
18.917 14.931
6.67109 19.0606
19.1598 14.8542
15.1682 20.5543
23.6585 12.6911
20.5168 20.2244
24.1827 24.6869
13.6212 16.4261
18.377 23.475
1.15152 15.8105
7.736 17.397
24.901 22.406
2.664 21.965
9.739 24.674
3.813 21.742
4.34933 17.6381
13.7136 13.8493
24.9348 14.2247
23.193 17.915
15.32 21.11
18.075 24.231
23.905 19.714
15.5253 20.3666
20.4781 12.9529
24.1403 19.0544
9.384 23.885
16.799 18.627
14.737 20.636
19.866 22.938
24.4679 13.6373
11.0926 13.5387
1.45406 20.4921
12.095 19.3402
21.9464 20.3734
20.7596 17.6799
7.814 22.446
5.36121 12.9765
18.607 17.94
18.748 22.897
8.856 23.917
23.564 17.7294
1.0314 22.6052
15.2947 24.4702
6.891 17.829
5.116 22.963
18.8526 14.855
17.5747 24.7923
8.056 13.569
21.299 14.947
18.787 15.492
8.64394 23.0847
16.7616 20.0422
8.113 24.415
10.803 18.6726
24.8299 17.6795
10.5086 20.2333
21.8803 21.4932
1.319 21.712
6.29576 18.9634
21.381 17.186
16.601 21.165
21.3568 14.0222
22.677 17.142
9.73097 15.9946
18.6996 12.5536
6.41528 14.2102
0.926954 18.3666
19.799 15.459
16.6844 15.5889
9.73017 18.0875
7.72 12.974
4.03092 21.3633
2.78717 22.9782
2.75945 15.2482
8.19815 15.4688
18.446 15.353
1.547 22.546
18.4764 19.319
13.9273 15.0365
3.72333 17.0572
20.4398 24.3856
3.23002 17.2419
12.1382 22.0752
10.0518 20.5292
12.792 21.6945
14.159 13.58
2.343 23.874
20.133 19.788
14.444 13.4861
5.95225 17.6118
11.267 14.06
8.59538 24.6074
7.756 12.715
19.9488 21.4609
3.064 15.874
15.0746 24.5177
3.71908 13.649
20.3095 12.1594
23.4043 16.6214
6.51974 15.3777
18.852 16.318
20.508 24.935
9.92249 20.3521
8.72865 20.1471
20.7831 20.336
4.72854 22.7536
2.78627 23.3195
2.56081 22.2353
24.3387 18.8383
9.13881 15.9423
13.0758 17.7297
17.4547 23.3908
8.59019 19.5819
8.44156 13.7744
15.882 17.703
21.193 15.485
5.3526 20.2886
11.061 17.269
19.563 15.795
21.989 24.546
10.18 20.4845
16.6875 13.6071
1.42919 17.2611
3.29666 18.2733
12.102 16.7853
24.3598 16.71
3.81815 13.8799
21.704 16.12
20.3749 12.8794
20.0039 21.7596
16.9035 14.6851
15.3794 18.9522
15.0124 16.8505
15.9957 15.5619
2.841 17.133
6.19572 12.6821
19.385 21.889
21.6561 12.0793
12.7119 13.765
11.3276 21.0291
20.8167 13.9426
11.316 24.566
16.699 21.779
8.345 13.637
10.526 18.23
4.55781 21.7853
17.7645 23.6882
6.62141 13.2171
0.357889 15.8382
5.438 15.467
12.246 15.352
19.8443 13.3385
18.1887 16.281
6.43875 24.1444
1.81641 17.7789
7.65256 22.4383
19.4665 16.7553
16.038 23.433
13.785 14.409
6.11135 15.4813
22.0097 16.8258
11.915 24.3209
1.885 23.641
7.515 20.105
20.676 16.064
16.8342 19.4893
14.2912 15.391
13.3699 20.5496
14.9507 15.4289
14.653 19.328
17.969 18.882
13.987 20.815
11.879 15.191
8.1051 18.5175
19.2178 20.0149
4.064 21.105
2.40111 18.2423
3.17 15.961
4.40978 20.7678
24.5625 19.4242
9.63611 19.8693
16.242 17.893
19.7996 19.8728
20.6145 22.7357
9.85854 23.5222
2.87851 17.2536
14.1358 16.255
13.4088 22.2161
21.455 16.153
19.7827 19.0518
9.25923 21.9906
9.13 15.64
24.098 18.927
12.8677 14.3492
10.1901 20.8224
7.457 15.914
9.94096 24.4322
9.94201 24.0527
11.2898 24.3459
9.742 18.769
12.696 16.306
10.887 15.135
11.6657 20.2268
12.3612 23.8616
13.4535 24.3021
15.482 21.294
8.57706 19.3115
24.5117 16.6742
20.5304 15.9906
21.509 23.179
5.36601 22.141
5.6619 24.3775
7.34225 14.725
1.383 22.324
5.018 24.122
0.604 21.012
10.4887 22.4804
9.81268 18.7195
19.376 17.39
0.743 21.69
2.88542 13.775
23.436 19.861
18.983 16.934
22.4664 19.3534
18.0621 14.089
13.5784 18.4371
10.3388 19.7988
9.5 24.349
17.2518 22.7579
21.8918 16.118
18.7881 21.983
21.2775 18.8647
14.56 18.2047
22.6945 18.3822
18.2144 13.1346
1.20067 19.6032
11.5697 13.0888
12.9767 20.9951
21.6837 17.9364
21.831 12.957
13.1522 17.3302
5.14589 13.2716
16.945 23.7689
12.708 13.381
17.108 24.117
20.3286 17.2237
21.046 17.84
5.797 22.7
2.16981 24.1017
15.4444 22.8675
11.9342 24.3231
14.685 21.305
20.422 17.026
21.4351 16.9525
4.166 21.329
24.4715 23.4534
4.56626 12.6248
13.098 16.861
9.19038 19.87
13.0501 13.6896
18.6458 17.7963
23.7324 22.21
22.537 22.618
4.46 14.486
20.52 24.307
16.168 17.788
5.8061 13.8841
11.0606 21.0179
12.6456 14.6912
9.71327 24.9539
22.647 20.389
17.9214 23.9318
21.0934 23.9629
20.3507 20.0657
20.2 15.545
22.373 22.965
23.6119 18.429
4.39797 19.2635
3.10471 14.2879
10.799 21.71
22.2738 14.5483
17.577 21.043
5.12621 22.7371
13.9274 23.7464
22.7244 22.3467
3.33746 20.8594
15.377 20.048
16.758 24.86
7.2622 17.1424
3.559 15.653
14.733 17.549
20.8733 16.7355
5.65 24.99
3.119 22.787
24.5666 23.0136
13.4372 24.859
20.937 12.9315
18.2568 12.4489
17.7997 13.1572
18.1977 17.7728
3.698 22.535
18.5859 23.3287
3.08738 18.0532
5.62373 23.4256
15.862 24.132
8.17395 22.9489
12.651 12.815
18.9522 19.5402
19.7789 15.839
1.35453 13.7427
17.0224 12.4835
8.625 23.466
21.8814 13.2439
23.4918 15.994
14.469 19.195
12.2541 21.8157
7.40826 19.9195
5.6 16.61
22.8998 16.9311
11.5821 16.1569
18.527 20.987
22.64 18.092
3.97147 24.8959
12.7683 19.0812
0.83757 24.8683
10.57 18.745
13.4314 21.5034
16.4261 12.2711
10.5146 14.3592
11.8354 21.0372
6.16612 21.7588
1.47929 16.4564
8.57523 13.5565
2.10349 18.7956
12.2419 23.4723
8.87471 18.3676
23.0556 22.7572
23.002 21.7461
1.15336 16.9125
19.5562 22.4908
10.972 16.467
20.973 22.252
1.65245 14.7191
19.4673 14.9832
3.60284 19.1406
15.1632 19.6553
22.8 16.5759
21.57 13.3861
1.70245 19.9059
14.3166 20.3246
6.84751 19.0704
2.11545 16.0736
6.954 19.338
0.208834 19.4188
4.70294 15.0195
23.3638 18.1546
2.90332 16.0373
10.761 21.663
6.58775 17.367
16.1322 22.5824
14.8186 14.4625
21.7046 21.8671
23.0519 13.6741
6.446 15.538
21.0779 23.9252
16.1209 21.9045
2.2433 19.0468
22.6485 17.7323
15.3045 18.8715
3.01237 20.3901
21.4329 17.5308
19.7084 15.6186
13.6374 17.2366
4.66884 13.6616
13.209 14.066
21.71 23.826
10.014 20.048
4.79036 15.2098
10.3347 16.8059
11.068 20.815
23.023 20.025
17.9316 20.6137
17.822 22.029
0.147038 24.1979
6.87955 16.8128
3.74373 16.8237
9.94558 24.1597
19.0676 12.2505
9.651 24.75
0.0922995 13.5528
14.023 16.747
21.7194 20.212
17.915 23.81
7.232 14.326
7.92387 16.1141
2.77879 16.8119
9.834 16.22
8.215 18.329
10.075 20.528
9.846 22.863
18.6568 17.9996
16.617 24.829
3.34531 15.3958
21.286 16.466
12.2892 18.2383
24.8369 15.6361
9.64022 19.6934
13.7315 18.4601
11.765 17.105
16.934 23.756
19.9544 14.948
22.1601 23.4851
24.3433 15.6436
10.951 17.87
9.52387 18.6219
4.17499 13.0213
2.2366 24.3431
13.488 15.465
19.3679 16.717
12.621 17.054
3.93158 13.4761
3.39371 17.9349
12.654 15.545
22.915 13.12
22.5317 22.5506
22.561 22.267
3.02121 20.1105
20.8166 12.5602
18.4015 19.6173
20.496 15.674
4.08813 14.5697
3.0847 22.5186
9.342 15.325
19.8332 17.7042
12.8012 24.9966
16.684 24.121
0.0909615 21.2121
13.759 14.05
3.389 21.79
21.0846 16.0585
14.377 24.924
19.242 14.378
15.0459 14.7001
24.581 20.44
22.2044 20.3715
21.9375 12.945
5.44114 23.6633
2.01 20.518
22.2566 16.4055
22.836 20.769
21.229 15.313
11.5092 13.1933
14.295 20.21
8.67598 13.842
11.3182 15.688
22.5139 21.6884
5.114 21.735
17.504 21.422
12.3661 20.167
0.913361 18.6461
10.059 13.325
3.50886 21.9002
4.50281 21.8302
7.802 19.725
11.0535 15.1525
18.5312 16.5563
1.8478 24.2718
22.089 14.148
21.8611 15.2742
1.114 23.55
12.36 12.7529
18.4138 18.9263
6.895 21.28
10.145 24.359
12.768 20.2064
1.53584 17.4422
13.2483 16.8461
1.48472 13.9589
12.052 15.1
22.202 19.356
5.61887 22.7533
8.48228 18.1749
10.2591 23.2438
17.3099 20.4422
8.97946 17.6191
2.73743 17.041
12.043 17.547
0.425 20.377
22.2176 23.5097
13.81 14.139
21.314 15.925
19.3696 22.7961
19.7725 17.8098
23.4912 24.6115
11.653 17.277
3.81469 21.3922
16.8633 18.1403
0.777916 14.397
15.262 24.766
3.984 23.867
22.2288 18.7106
6.346 21.38
13.657 15.027
6.743 21.736
7.281 17.694
1.99574 13.611
12.538 19.803
18.67 24.829
21.6661 23.9166
4.29601 22.3174
19.093 16.49
15.3477 14.8393
15.5421 16.3149
6.31578 20.8942
8.95401 20.8156
21.4442 21.3049
0.737523 13.7669
3.93357 15.3585
21.912 22.987
19.7357 23.1326
16.8935 23.9923
13.553 12.689
5.72915 17.5328
9.39085 22.1665
2.97 18.6315
24.3786 18.0479
5.91 21.32
4.78506 18.8425
17.6915 12.6243
1.81661 16.0467
2.858 20.788
20.922 19.863
24.9191 16.6306
8.508 20.064
13.6359 18.51
13.2823 24.7134
23.7591 15.4631
5.26712 12.9491
9.49402 13.5937
10.298 17.602
13.0696 20.4554
6.929 15.115
15.5209 21.7904
0.911669 23.5518
22.3766 23.4396
2.91788 21.8461
0.452879 18.7793
20.603 20.787
7.652 13.261
3.93714 22.8584
2.4332 19.858
4.96297 24.0063
13.6058 18.4985
7.15915 13.597
18.366 17.736
13.524 14.887
2.08733 17.4677
24.843 23.649
1.241 23.747
9.839 14.636
17.401 15.998
6.363 17.052
9.788 15.627
5.515 16.458
3.13534 22.7022
18.9131 17.6934
17.074 20.17
1.29428 18.4106
12.4775 12.9919
10.494 19.0738
6.919 16.365
7.87911 18.4772
18.6077 12.7764
16.1679 15.8697
18.9838 14.5827
22.9129 21.2303
9.35705 17.103
17.288 17.475
14.5316 23.8815
14.369 23.4816
20.4178 17.5228
18.81 24.661
9.383 18.905
21.617 23.798
5.35538 18.0484
18.835 18.716
23.8107 12.7263
10.504 13.5217
14.78 12.612
21.3642 24.1369
3.51179 17.0785
8.25731 16.7009
9.249 17.908
11.623 21.15
13.4466 20.6169
24.8636 12.3189
17.151 17.739
18.1838 22.2801
21.297 22.416
5.304 20.33
23.9604 23.7064
4.71341 15.9197
18.0721 18.4544
15.683 21.325
6.51619 14.4299
0.847959 19.1575
7.19929 21.6756
14.218 24.6416
9.16 23.245
1.65902 16.7082
9.21227 14.7001
7.602 17.738
20.58 18.436
18.313 16.394
17.6838 19.0884
8.06336 16.2963
21.7712 12.7861
4.88064 15.1112
22.4136 22.7298
2.54667 23.4122
3.82822 22.2979
12.7758 21.3492
9.76322 15.3646
6.103 15.332
12.4406 17.5644
16.376 16.436
4.413 24.926
7.823 13.859
15.42 21.85
1.28687 13.7896
19.2875 22.9486
15.05 17.5333
23.1253 12.0648
19.0267 20.8441
7.80339 18.563
9.04875 13.5257
13.282 16.336
14.3892 23.3021
9.01777 20.7055
15.8322 13.6676
10.1566 23.0069
16.459 19.4827
12.8432 18.3243
0.508 21.529
22.8581 24.2642
0.346958 17.8117
11.4701 22.5518
5.192 24.731
16.114 17.465
2.84524 20.4565
14.133 13.901
11.5627 24.2455
12.2628 23.2536
1.74276 18.2938
4.37155 20.3126
19.6296 17.5145
12.9307 21.9141
4.86598 17.902
19.7876 12.5302
12.381 15.513
4.378 14.547
3.51271 17.1945
19.052 17.688
24.9634 15.5665
12.124 17.634
4.623 12.785
22.7842 14.7239
13.1954 24.7445
16.7111 18.7168
13.92 12.916
5.604 18.151
4.464 19.739
22.072 12.482
0.884571 22.1889
19.6 19.946
17.298 19.179
0.165 23.183
2.87531 15.2709
16.1811 18.8612
4.669 24.355
11.837 19.874
8.85763 16.1051
20.892 22.973
9.24848 22.9781
12.157 24.977
15.4519 21.6176
13.387 17.682
23.1493 19.8135
14.7788 17.0043
24.179 19.335
16.8695 20.4761
7.74762 19.7452
18.2656 14.9464
6.66343 23.5722
15.6325 21.1166
5.218 12.874
11.108 19.467
18.3558 22.771
14.418 13.621
14.27 17.346
18.1356 12.2999
18.0893 17.3198
12.7977 22.063
21.32 19.1473
0.598 22.606
11.474 19.883
15.5708 18.1543
2.25359 18.1015
11.3841 17.981
18.926 13.2828
8.54 17.146
5.34346 13.8028
1.132 20.432
22.8282 18.251
19.866 18.331
11.792 15.258
23.766 18.346
21.631 20.78
20.7385 15.5185
1.00289 13.9113
8.18 23.358
7.144 13.169
6.5 18.906
23.2717 15.6186
5.57812 13.847
17.1125 14.6618
4.58618 15.9764
17.278 16.364
6.8151 20.3672
7.015 21.266
15.172 24.179
0.952225 15.0731
7.07519 20.7753
19.6096 16.7278
17.349 23.788
21.2487 16.8124
19.883 19.0343
0.824235 16.674
24.794 14.452
11.8777 16.7083
8.04461 18.7997
2.072 23.559
21.2671 19.9735
19.8626 19.2991
23.169 19.111
19.726 24.194
13.645 12.762
21.849 20.16
9.413 21.678
19.7688 18.3588
21.0513 21.3095
5.98529 21.1215
3.29103 21.5819
20.065 15.697
3.04956 23.3964
3.15922 22.5443
10.7301 24.1119
6.087 23.811
7.97022 15.3332
10.671 20.833
2.02852 23.6645
14.8441 15.7801
20.867 15.3928
18.8889 15.8624
11.702 17.523
16.334 23.028
20.7135 23.7762
22.822 13.046
24.8598 16.9531
22.8534 21.6012
5.989 19.528
2.02 21.027
24.563 12.5873
22.293 17.295
22.1568 22.673
19.2845 22.1682
19.2249 19.3125
3.49821 21.4945
6.052 23.931
21.1304 18.1811
23.7217 12.614
20.601 18.37
6.295 13.658
2.79172 20.6196
8.071 21.326
10.6308 21.9826
11.308 13.266
16.379 18.77
6.22338 24.1193
8.80369 16.4334
9.5527 24.9656
14.8822 20.4843
15.2478 21.5475
18.0453 18.6058
0.790485 17.9432
21.028 23.678
2.11422 24.7228
17.6043 16.0633
17.8229 12.5794
23.497 20.28
8.445 14.2042
20.962 21.7013
16.6315 17.0957
0.792 23.164
24.7797 15.8188
5.15977 19.1678
5.42502 14.1202
15.303 17.462
9.19151 22.9637
21.115 23.314
2.80905 18.6224
10.37 24.111
3.36694 14.7253
13.4589 21.617
14.3516 22.5552
5.89443 14.3466
1.82635 16.7252
7.585 18.342
5.549 21.204
3.04066 20.3674
2.70763 12.7632
14.92 15.758
13.0757 13.0896
15.095 19.3785
19.4513 13.7004
13.4485 13.311
17.6201 14.9164
5.221 16.847
5.18187 12.5494
17.977 18.713
3.86155 17.5945
20.4604 12.2329
14.085 13.932
19.88 18.63
16.2356 18.3758
18.595 17.25
19.307 22.3077
13.4146 17.3902
7.45405 24.6813
10.393 14.245
18.412 20.669
5.45184 12.8947
12.1275 19.9901
15.0073 13.3258
8.01781 17.4241
20.927 21.968
12.6183 16.445
0.594257 13.4152
6.219 22.42
4.64108 21.0919
0.67722 19.3692
16.842 19.907
20.757 24.617
17.9483 18.5733
0.0500317 21.7636
4.343 15.229
2.89752 18.3785
3.65903 18.5658
3.45669 15.4597
1.79202 14.3039
4.155 22.386
0.214152 22.6082
24.06 23.374
7.90615 16.2102
21.036 20.046
3.68447 24.3702
6.19992 17.0685
6.0095 23.7745
8.55127 12.9521
12.6758 15.993
23.929 18.3354
11.6362 17.0637
14.4981 14.8861
11.713 15.972
21.2559 18.6565
22.4237 19.4748
16.8081 23.5508
21.8199 14.3768
2.735 17.167
15.1696 14.5649
21.08 21.009
6.43794 22.2809
5.84415 15.5247
17.941 22.994
0.0692749 24.3206
4.20912 24.0394
1.496 16.8722
15.778 17.348
13.357 13.017
21.144 23.439
8.76195 22.1019
4.964 16.738
12.0112 19.4924
24.9835 20.2574
8.805 24.628
16.976 20.674
0.127457 13.5261
4.53 16.513
14.2425 23.6641
8.37882 14.2751
14.969 19.407
1.348 23.239
22.7923 18.05
15.2809 20.5838
1.45126 22.9646
22.7951 18.861
14.6214 16.7562
10.647 19.554
14.1461 23.6257
17.5597 20.9305
8.36894 18.9063
6.371 14.751
16.9704 16.0625
18.7788 20.3933
4.14964 17.4973
3.5696 16.4833
10.8399 16.3409
21.51 17.373
21.4362 18.3737
21.3467 17.6871
10.81 17.5327
16.919 22.582
6.30908 18.7026
19.817 21.1637
15.676 21.835
14.208 17.251
4.62392 19.376
5.36475 19.0381
10.6785 21.0516
15.139 12.458
22.3554 13.5901
11.332 14.052
2.56874 24.5106
22.312 13.868
16.595 17.589
10.884 21.766
16.3738 12.4111
21.0215 14.309
9.807 19.405
8.456 18.675
5.30573 19.8811
22.6937 20.6718
3.898 24.076
15.5464 12.2431
22.6726 13.9153
12.097 24.905
18.0007 15.1941
14.0468 17.5428
17.5738 17.8657
12.1155 18.5981
23.7887 13.0724
15.339 23.513
6.22791 19.5339
8.43185 24.6694
4.80611 21.3736
8.32343 24.6566
20.09 15.2807
16.4032 14.2566
9.87986 18.8622
24.9156 13.3462
18.9006 15.6445
8.0165 21.3943
21.614 17.912
4.34719 17.5658
8.12006 21.5607
10.823 19.519
12.5701 15.2915
8.09237 19.4257
8.90149 16.9603
13.819 15.556
8.469 20.52
9.59372 23.0714
18.9265 16.8186
15.8098 13.486
13.0016 13.4456
4.489 23.891
24.05 20.347
20.3005 24.1887
10.6967 23.3876
9.123 21.097
24.86 17.8158
11.4699 14.1511
22.522 12.821
6.14616 20.3428
17.7609 16.2684
5.95201 16.5174
6.04334 19.7803
20.0933 17.8374
11.471 21.078
21.9399 17.2519
8.41721 16.5393
16.845 19.881
22.7016 15.5953
13.5086 20.6574
8.668 21.138
21.9242 19.1343
20.273 12.1665
22.722 17.957
15.0977 12.2417
17.4217 21.3754
14.7234 16.0922
19.597 15.3
11.438 13.503
15.6221 14.4098
8.36224 22.6276
11.0041 24.8557
23.8053 18.9324
19.701 21.731
11.313 24.181
14.481 19.203
7.707 20.858
9.25116 20.9624
15.1397 17.196
18.7884 22.3772
19.282 20.2955
7.783 21.34
20.521 21.201
18.7334 24.6092
5.038 21.101
11.6373 21.6587
13.993 14.405
13.5285 16.5716
0.842562 19.767
6.943 24.063
20.264 23.724
7.904 23.385
24.9152 17.5973
1.58174 20.6989
21.16 16.319
18.84 23.23
13.9056 14.8508
22.705 19.8008
0.929964 21.3287
0.870015 18.6503
15.9624 23.748
12.8939 23.8733
15.3124 16.3695
4.80228 23.799
7.65565 15.6687
5.448 24.256
10.586 20.71
18.1762 17.5319
0.338 23.025
5.24 24.748
10.425 20.076
15.3907 13.9342
9.37177 19.5878
3.597 24.75
2.17078 16.863
24.7849 20.1446
22.9116 13.7095
12.6403 23.8273
13.7426 18.2693
18.0079 19.0198
1.83652 16.2064
12.34 13.288
17.0061 14.9037
7.18711 19.0586
23.7963 15.0744
12.095 17.357
21.1301 14.291
20.8749 12.4299
8.36765 18.7126
4.76907 18.5424
7.246 24.702
13.1909 13.2774
12.4996 21.8412
22.107 15.093
23.862 16.989
21.011 15.971
4.024 15.759
5.69842 14.0145
3.026 22.949
7.901 24.895
23.1285 17.1934
0.982 23.545
15.2608 15.9815
4.92979 16.0496
9.954 15.74
9.28493 15.6834
9.8876 23.3562
15.9701 23.0337
9.4572 18.5569
7.34274 23.2062
23.302 24.5579
16.6622 23.8652
11.8527 20.6477
17.0146 13.2781
4.97093 14.6965
9.649 18.452
16.0616 19.0119
1.66418 13.8663
5.8191 12.9344
8.80351 15.5334
18.514 18.2574
8.084 13.842
18.601 23.3147
14.4678 13.6394
7.11652 17.9716
16.5654 19.0607
9.68192 24.7371
0.716209 21.9973
7.605 18.888
8.63812 13.8611
8.566 23.54
24.0701 17.9995
4.121 13.652
20.472 21.686
1.863 24.11
11.9424 20.4049
4.58247 15.0714
12.1487 18.3816
7.941 19.941
8.23371 16.188
3.82495 15.2887
24.5482 20.6441
1.1341 16.9662
22.8193 16.4173
4.75753 20.6581
6.64837 12.7517
5.47515 19.4128
9.045 20.608
12.1202 19.6496
5.75312 13.5798
9.86009 19.7594
18.416 13.4569
11.1249 21.45
15.827 21.681
0.1 19.892
5.70051 13.8845
2.39131 23.0386
13.4505 16.8506
4.54378 18.0909
9.93714 19.7723
6.3102 24.1243
7.253 14.979
10.7013 17.3862
16.6069 13.3003
9.508 15.33
22.281 24.6158
17.3287 23.8454
18.768 18.558
4.13 16.762
14.0158 17.938
14.1397 12.6312
13.1481 24.8785
6.46121 20.8617
23.8461 13.8406
17.5185 13.5187
10.622 17.855
5.14718 23.8066
8.883 19.87
5.104 24.951
9.774 21.403
11.2997 22.444
21.068 15.508
17.1682 19.2751
21.9083 17.1919
16.7403 16.2539
10.4049 17.4998
3.12361 21.2706
6.44091 15.2463
7.727 13.757
3.85686 23.8924
9.593 20.306
14.535 12.978
23.0833 17.2276
20.5172 21.8228
8.697 13.424
13.5787 14.884
15.357 12.33
9.61769 16.7568
21.7324 16.1004
5.28432 24.7008
2.68907 19.976
18.1293 19.1057
21.027 18.805
12.1862 15.8885
17.403 19.662
2.27319 14.7705
14.1782 14.879
18.695 18.364
20.152 16.87
4.40367 16.5971
19.103 19.833
24.906 24.667
22.511 18.172
17.498 24.055
9.915 17.063
5.18987 16.4869
3.83039 18.648
4.03946 12.8236
5.34622 13.0445
20.8 18.658
14.8059 16.9458
12.9608 13.6676
17.339 21.278
12.8076 13.9061
18.22 17.426
22.059 23.203
12.7883 21.4755
8.67753 14.5791
20.3221 23.1201
7.711 17.685
13.963 13.555
12.9811 14.8003
0.579359 16.1477
12.8807 20.1286
11.1459 18.8682
20.65 13.384
21.063 22.855
3.32975 15.2271
14.9435 13.3923
17.8 20.004
3.59066 15.9499
3.786 19.202
18.7582 20.495
17.6478 18.0153
9.685 21.373
19.9597 12.2906
18.4477 23.5862
15.6638 13.5695
10.6123 16.2572
24.9173 23.7796
21.675 16.86
9.05666 12.6703
2.055 21.948
10.399 18.327
23.6447 14.8263
20.0758 22.5676
8.966 24.057
1.66867 14.752
14.5048 19.1154
8.633 15.031
17.9497 21.5451
2.18501 22.2047
6.795 21.251
23.91 18.504
17.561 23.836
17.0519 18.7245
17.556 16.085
22.535 23.9509
20.634 24.5724
6.057 18.341
24.5859 18.9289
20.3316 19.2049
22.187 19.1402
14.2805 20.4163
22.4592 16.3271
20.8478 23.4814
13.464 15.945
23.8196 14.3616
16.1919 22.5484
18.1763 12.6215
0.89967 18.4138
19.194 14.54
23.588 18.782
16.976 18.2445
19.253 20.343
22.161 18.092
6.581 14.793
8.47267 13.556
21.355 17.513
7.053 18.549
13.6394 24.7539
17.149 22.735
18.078 16.986
10.078 17.356
11.3051 23.8576
20.0286 14.7008
18.499 23.571
17.12 18.2
7.041 23.951
5.9124 21.925
7.87409 24.0949
24.3449 20.4688
23.7659 17.9749
7.45612 16.2511
6.031 14.919
14.9614 17.754
1.886 22.12
3.79073 15.6788
4.51171 14.1493
6.174 13.031
14.734 24.138
3.43915 16.271
15.2973 24.1861
13.289 13.381
4.83488 20.0692
5.19666 17.2747
20.426 17.603
5.634 15.501
14.639 21.594
13.0214 22.814
23.5449 17.4186
17.9798 24.8276
13.1607 24.7442
22.2081 22.1845
13.5582 18.4854
17.6973 12.6001
7.73228 16.3391
8.815 18.418
3.20904 17.8015
18.3483 23.5357
14.815 16.548
17.56 23.76
21.9578 13.5094
17.1933 23.7687
6.65177 20.3329
13.8501 13.1136
19.7802 18.8932
13.8122 23.7963
12.212 19.191
21.2179 15.7913
11.5315 17.578
6.41 24.429
6.14041 13.5994
15.2104 15.1778
19.426 15.818
11.482 17.143
11.334 14.852
21.193 19.412
19.0707 17.157
9.102 15.92
7.72925 18.5059
18.137 21.587
12.1411 20.5255
14.6406 17.1257
2.36014 20.099
20.458 17.457
6.68185 16.8205
7.873 14.481
17.1803 15.3704
12.6444 14.3684
12.1419 17.9748
24.8881 16.4987
20.782 20.4936
7.054 21.181
21.4373 12.5939
11.178 18.658
3.72 24.05
14.8198 24.6329
20.285 12.9411
19.1309 18.6485
16.055 16.281
12.462 19.745
23.3844 12.1008
4.62395 20.7753
0.464 20.08
7.06 14.879
0.195182 13.2108
4.67344 14.882
13.676 21.061
15.806 19.532
17.8599 14.3493
9.74432 24.7629
17.2763 13.9195
14.0923 13.1198
15.5922 14.3194
22.7675 15.5052
15.5176 22.4417
0.925 23.234
21.573 14.963
23.2477 24.8084
0.852098 18.8617
20.738 17.304
1.594 21.305
16.5213 19.4674
2.5446 15.4411
23.374 17.266
7.229 24.12
24.6476 13.9624
3.65224 23.7495
7.656 22.736
16.847 14.1183
6.228 21.168
24.0617 15.1759
16.1449 15.2122
5.21996 15.9027
21.0095 13.7668
19.383 21.746
1.34675 21.7676
16.1542 22.9829
22.9479 16.2943
2.49735 23.1783
5.54878 12.9545
2.30828 21.0961
8.585 21.113
22.6251 16.8771
15.645 16.295
20.112 15.711
23.0544 21.4586
18.6854 12.4659
12.97 13.658
18.211 21.658
1.95735 22.9349
7.7682 19.5251
16.4411 21.1232
14.545 23.898
1.72535 22.6807
15.032 23.218
16.4106 24.5009
9.51159 24.3755
6.84048 17.2911
21.419 21.389
20.222 22.848
2.14161 18.3611
4.19213 22.3341
9.021 19.804
8.96452 17.04
13.6343 15.3127
19.517 24.393
20.782 18.098
10.0282 24.0257
17.027 21.291
1.39211 17.6744
9.85266 20.4341
8.51726 19.5898
20.867 24.721
15.8079 19.7385
7.269 19.741
9.56084 18.6598
7.961 22.598
20.192 20.761
23.677 18.184
6.182 21.898
21.619 16.801
5.971 23.753
21.6706 22.7934
4.22258 17.9557
19.961 17.662
13.423 17.385
1.17667 22.4612
13.9351 14.4902
5.2347 20.9376
2.71494 23.9099
11.0636 21.4407
22.71 12.976
5.1223 20.3167
15.3677 19.2876
23.8261 22.542
10.855 16.382
24.9476 17.9727
24.581 20.079
20.426 14.889
12.5315 21.6051
21.919 18.631
9.83709 13.6281
16.699 20.59
23.3822 20.5101
22.378 14.277
9.356 18.279
20.7364 12.091
0.936467 18.7017
2.354 22.099
8.7657 21.9329
7.965 22.115
11.4886 19.7802
6.06193 12.9674
4.997 23.866
3.02397 19.278
18.218 18.733
15.832 16.915
4.291 24.331
21.446 19.25
7.25555 23.2884
3.45336 17.6884
23.1633 14.0294
2.721 20.796
4.88971 24.4254
19.002 18.634
17.965 21.192
15.442 17.743
4.92076 22.8306
21.961 24.359
17.586 17.929
12.4546 19.847
21.8519 17.8638
22.2194 19.7208
16.0995 13.435
2.441 20.309
24.6682 23.1185
7.191 21.131
14.06 15.286
12.2113 17.5347
19.084 14.655
15.8001 23.748
21.5508 22.554
18.902 19.5
6.87522 16.8396
22.5945 20.0466
14.3254 12.3948
15.71 19.764
9.419 20.022
21.929 20.095
18.689 21.197
15.697 23.527
3.39305 16.6108
15.498 18.1065
16.231 20.818
17.2773 16.5984
6.478 22.001
14.9107 18.1505
7.22786 12.6267
22.7735 17.3518
12.1524 24.1503
0.772577 19.2729
6.387 16.976
24.9626 20.1342
7.82211 21.6762
0.6295 14.0156
11.9642 23.1926
23.1049 18.8231
5.84573 13.9149
12.8563 17.2549
22.3159 21.2086
3.64235 22.4029
13.9882 18.6618
11.981 15.743
15.1445 23.2992
5.455 14.721
1.39072 18.2898
15.0444 21.157
9.18954 15.9686
1.41907 22.5776
15.3016 15.5559
8.32334 17.578
24.9296 12.3525
1.86175 24.8775
18.805 17.318
17.9745 12.8522
24.574 23.8526
13.6674 13.7881
14.631 19.1141
15.7509 12.8232
21.1936 16.0187
23.5871 20.5673
20.802 22.644
3.807 16.782
12.5027 21.828
12.6578 18.3345
19.7325 19.8613
13.075 12.321
14.822 23.086
18.2441 24.9404
18.6394 21.3975
20.239 21.6585
24.5101 19.7394
14.548 19.8567
8.527 22.683
15.4191 16.5804
8.468 15.538
1.04156 17.9005
10.0479 23.834
11.5171 20.8016
16.1626 15.1977
22.374 20.001
4.02504 13.6892
12.306 19.0447
9.30538 23.77
23.9207 17.9512
19.825 14.421
7.83369 15.4169
3.61088 22.5933
19.1736 15.1116
24.7259 20.7271
14.7196 15.6924
6.887 16.991
5.3 23.348
12.768 16.818
6.9988 17.3433
14.7421 19.1135
13.8756 23.8686
12.0706 22.3731
12.6211 17.7393
10.4183 15.4504
1.89879 23.3589
1.0777 22.2037
5.76506 19.9928
1.98258 22.1242
23.7652 17.1323
11.478 12.905
14.066 15.054
17.68 24.352
8.33493 21.6281
3.4397 15.4046
23.8994 13.3977
20.1808 15.5217
4.79196 19.6672
24.164 21.3534
1.408 23.291
21.601 16.0604
5.25 20.139
4.495 21.539
7.279 23.571
2.627 22.36
10.7568 21.0867
5.86365 18.2454
13.63 16.026
10.7023 17.6833
1.37269 12.837
20.3505 16.0041
2.22313 18.032
6.04298 22.7122
1.7645 15.6072
19.2176 19.2021
3.014 24.605
0.03 21.791
19.4661 20.1363
5.352 14.466
8.25538 19.5483
10.661 22.193
12.159 17.588
4.576 17.059
16.664 16.603
8.06776 12.8086
24.5046 17.7914
3.62265 21.0126
12.7284 16.0125
11.0436 20.7431
1.166 21.799
18.3608 20.792
17.701 15.967
3.05191 19.3132
9.41897 21.4641
1.5984 18.9049
20.9919 20.6674
22.131 21.0449
20.0557 14.7294
10.1772 13.2883
6.667 21.54
11.1424 21.7808
2.9876 13.9165
6.23792 22.1272
4.814 18.233
3.738 24.2617
6.116 24.269
14.969 24.447
20.988 15.625
24.735 18.989
15.909 12.594
6.797 14.304
10.3256 22.0827
7.32513 15.0895
8.055 15.361
6.31114 23.3491
1.28367 21.9139
21.0048 20.6097
0.261708 19.1552
9.65133 18.5897
10.7414 12.989
16.294 24.957
7.53871 21.3598
18.697 17.033
2.55482 18.8815
17.097 23.336
21.7337 22.1503
15.86 23.943
4.27097 18.0582
6.046 21.773
11.848 19.466
11.499 17.409
20.3151 15.4506
2.95419 24.4768
17.4208 23.6938
9.83 17.985
19.6723 16.6452
19.0141 22.567
4.74465 14.444
4.22548 15.1553
10.569 20.739
5.84841 16.6956
1.73137 16.3587
8.37178 24.7369
7.658 13.385
23.4131 15.5894
17.678 13.9543
8.23766 14.358
16.9586 16.9611
9.72984 16.785
11.1227 18.598
5.06679 15.3611
6.09781 16.7239
15.939 22.233
1.12586 16.6658
10.212 24.109
14.468 22.6215
22.132 15.135
24.573 17.126
10.513 17.447
12.1726 12.6287
4.44543 15.3505
18.458 21.801
7.55745 15.2741
17.2892 22.3336
17.0455 19.062
22.734 13.555
6.002 17.794
8.407 24.093
9.017 20.649
7.4756 23.5619
16.501 17.443
19.93 16.229
21.836 17.584
6.17757 17.7691
0.634529 18.9006
2.443 23.293
18.942 24.609
12.257 20.079
4.28331 14.1408
0.30326 21.5838
4.052 24.749
10.862 18.926
22.276 18.211
23.3221 15.5811
18.4428 22.784
20.193 21.592
5.065 22.388
21.34 12.4801
9.918 17.415
11.342 20.43
13.64 12.631
23.279 19.515
2.66188 18.3839
9.92672 17.2788
4.709 12.703
22.872 20.159
13.5187 14.6167
20.002 14.119
22.4878 24.9166
1.3944 24.9947
14.3949 24.3187
21.934 17.371
0.731516 17.7689
3.919 16.681
4.1472 13.633
3.425 22.943
15.4634 18.5449
13.057 13.766
3.38 24.045
16.416 20.592
4.352 17.163
0.495528 13.8807
15.0458 18.4966
16.1772 15.7669
14.928 13.279
5.20595 20.8517
4.384 13.53
6.46136 17.3338
15.7224 20.0145
1.899 21.51
11.686 20.146
17.5018 16.9347
2.69649 24.4072
13.7467 18.8293
2.18598 16.0844
18.8257 24.7271
1.71273 13.6754
7.3533 20.1238
9.035 24.959
12.316 19.758
9.87407 22.1777
23.205 23.738
6.0078 19.2648
24.4853 13.4732
10.4424 16.8901
12.8128 16.1347
0.288685 16.4319
24.517 20.705
9.17152 19.2072
15.0268 24.6986
23.177 17.541
2.44244 20.5879
17.7185 17.134
22.2291 21.3966
7.05775 17.5205
17.2171 21.1416
12.355 16.135
24.2018 24.7102
24.6547 18.3954
18.5956 22.3681
13.9095 23.7348
16.3324 23.9689
5.316 17.131
3.765 21.569
17.0868 17.6969
4.93626 20.0476
13.5182 16.6458
14.9602 18.5045
3.119 23.205
4.3451 23.822
14.4181 19.7441
18.478 18.7221
14.3185 18.8848
17.5784 17.5215
5.40458 21.4833
14.9084 17.2333
12.6051 22.4208
21.0021 21.2881
4.299 23.876
10.6664 17.8358
2.94864 24.2941
2.20478 15.6955
10.9372 20.2818
13.0863 21.5845
12.1999 16.8908
14.1589 15.1393
9.51101 17.2305
5.842 18.115
18.8608 13.2687
21.195 22.84
16.543 22.8529
5.278 15.299
1.29244 23.564
8.69384 24.4599
23.6432 12.3456
2.391 23.679
17.802 15.602
7.19579 17.5124
7.818 17.679
7.978 20.1
13.5217 17.834
5.352 15.99
9.16081 20.7808
3.121 21.829
15.0463 12.6791
8.91969 13.5689
23.4071 17.0585
1.65229 22.2654
6.404 22.549
23.2435 18.8736
6.18 20.68
17.509 23.48
20.811 21.419
0.804 23.175
17.4558 19.0608
17.903 20.255
21.0134 19.1856
5.395 17.296
16.0232 12.4517
0.685014 22.7038
23.3133 23.4807
6.624 20.231
9.662 24.103
23.7418 13.5969
24.0422 16.7968
24.4017 21.782
6.58297 13.357
24.718 24.4339
17.563 22.937
18.167 14.242
4.18015 13.9297
0.301723 14.8517
10.2486 14.3673
10.9709 20.4215
7.81 17.326
24.4234 24.9172
17.7433 13.6711
7.04 24.144
11.2826 12.9958
10.509 22.954
3.23844 13.7611
19.581 24.773
17.9964 19.3047
22.8503 17.3242
18.4186 23.166
17.0448 15.9894
1.45465 16.8269
0.397056 18.5098
16.2573 12.5209
11.5687 22.5384
22.06 21.242
15.0981 14.7257
6.229 17.445
10.7956 17.8497
7.6619 18.9982
2.57254 18.1136
14.201 14.468
8.223 13.729
2.13531 17.6629
24.371 22.917
14.2648 13.8054
14.804 16.763
4.382 24.578
11.24 15.982
5.45 14.335
8.81405 19.6975
14.4429 15.8241
18.3897 12.1949
20.205 23.43
12.5638 19.0792
10.442 22.625
18.3516 14.2327
18.7451 22.3741
8.29265 18.2982
5.206 16.83
12.0408 16.7789
24.1461 15.0266
4.76179 16.1122
24.8009 22.3163
5.51019 13.0721
4.18 21.202
17.5469 21.6477
17.5983 17.1247
5.99054 12.5123
7.09123 19.6347
4.06293 16.1072
8.89518 13.118
7.04836 18.9836
22.656 13.43
3.96116 19.4504
21.565 18.2332
16.558 18.788
8.10704 19.8796
14.071 17.0921
17.388 17.67
7.33974 21.4567
16.4 17.101
18.4443 12.716
12.4754 19.0875
7.3481 24.2818
11.9459 12.6092
3.07953 15.5726
2.4587 20.3951
13.8868 15.6236
1.42713 17.867
5.90262 23.8487
4.28663 23.5137
14.251 12.489
16.872 21.437
16.213 24.412
7.97432 14.2269
13.1238 22.4747
22.1559 19.5554
23.9439 13.3078
14.8431 23.7191
10.751 19.0185
14.4068 12.5663
10.9568 14.3938
19.1111 24.8341
7.41108 16.3742
22.201 23.4081
24.3237 24.1284
14.8825 21.7825
8.09585 20.5068
20.033 16.005
20.616 16.97
2.91759 13.6536
12.2911 23.9211
15.765 23.1086
20.8852 20.9331
4.06983 15.5986
13.462 13.151
1.10347 17.9867
6.9973 22.1288
5.53746 16.8772
9.948 20.443
7.35576 16.2954
0.982274 18.8861
5.895 22.977
11.127 18.402
11.2906 24.7246
10.784 22.897
17.457 19.191
18.2014 12.5797
5.917 22.115
3.25742 18.7384
1.29119 17.8741
13.0056 24.6952
24.624 21.2023
14.6798 21.6903
7.743 21.162
0.721 22.967
20.083 23.846
15.404 24.952
2.7527 20.1793
4.766 21.544
18.3279 20.9482
21.078 19.546
15.707 21.571
17.6232 19.691
24.29 23.418
10.2159 24.2487
8.8409 15.9495
8.37373 24.6108
18.681 18.065
12.611 15.224
7.94817 16.0191
4.764 17.814
11.0803 14.3389
21.655 22.1064
6.8364 17.3396
10.1512 16.0386
5.3 15.46
2.38225 20.0242
18.432 15.975
8.789 19.769
15.3536 20.7139
19.1854 12.1949
20.744 18.316
5.551 18.068
8.1542 24.144
13.2984 23.9866
16.9095 15.4611
15.2836 16.71
13.119 14.397
9.18119 18.6904
9.61362 16.7229
21.908 16.85
14.7197 24.9826
14.3703 14.4153
12.6241 13.9541
22.915 18.729
19.2265 12.1962
23.6442 22.7584
23.201 23.7648
11.4113 21.7712
21.806 22.641
6.177 14.428
12.5902 17.5505
3.42302 20.7505
4.143 12.694
16.695 19.544
10.134 18.2527
18.51 14.472
19.308 22.062
11.489 15.105
20.2721 18.5403
13.8985 20.4652
16.703 22.146
23.3195 18.8348
3.89875 21.4616
9.55499 21.6755
12.559 15.897
7.13751 19.9293
18.8491 20.5989
4.81228 23.3959
11.6974 23.7891
11.902 17.64
5.56047 13.4222
19.804 16.384
7.281 24.035
10.4979 18.1558
17.764 16.143
22.8422 16.5639
5.34303 17.6387
8.48558 22.3364
11.336 24.369
15.753 19.986
19.021 19.913
13.5498 19.7839
21.7531 20.0368
22.0236 21.1175
23.0838 17.1353
17.228 24.611
2.5552 19.2849
23.611 23.205
18.118 24.084
6.62175 13.6668
15.116 12.2564
21.2909 15.8048
11.315 16.165
0.771828 13.6712
17.548 16.811
15.016 17.256
22.0162 21.2391
23.968 15.3722
0.348973 14.9832
24.58 17.595
8.76 23.945
4.46301 16.1304
21.2629 12.6553
14.7897 14.6337
9.837 19.839
14.839 15.9457
6.548 16.356
13.5325 12.7223
1.98494 21.4935
7.57955 20.3211
16.5867 12.7604
23.8172 21.2833
3.17161 18.7157
24.2218 18.3493
3.58957 24.796
4.598 21.716
3.179 20.67
17.9372 13.1895
11.723 17.297
10.2108 24.7066
11.54 16.128
1.532 22.08
17.4707 23.3849
22.3502 23.4504
17.4171 23.8228
10.9368 14.7966
6.83618 22.5776
9.311 15.94
7.57574 14.8581
24.5896 16.8158
20.1955 13.1515
15.5105 21.655
19.3659 12.7647
7.69401 18.3263
13.3119 14.8479
13.3049 17.9165
24.529 17.07
22.6475 18.5372
19.0709 17.5265
17.858 16.203
13.8211 20.1272
14.278 20.067
5.67794 20.5316
19.3013 20.9717
8.80508 23.1201
0.37565 18.5978
23.3524 21.1292
19.3366 21.8062
14.2185 13.0651
22.2958 24.8156
12.4579 20.5072
14.404 20.743
10.3865 18.5599
23.8454 19.937
18.2816 19.0871
16.258 23.41
22.0534 21.0801
1.845 23.164
10.0683 24.147
5.58437 20.0667
14.418 20.715
5.675 24.539
4.40305 19.9926
21.4834 14.568
16.055 15.444
16.5039 15.6435
6.082 16.001
2.1162 20.2496
0.958174 20.7251
13.4626 13.8929
21.5725 22.903
16.524 20.082
3.64122 21.0284
9.353 17.587
16.5477 19.7957
5.55316 16.9276
1.01772 21.4017
8.94848 14.1043
19.3196 13.5464
23.697 23.411
1.692 20.07
12.656 16.132
16.981 18.752
1.23865 15.2051
15.102 24.042
9.205 21.054
15.7022 17.8719
10.4781 13.9511
6.367 15.947
0.610938 18.4475
19.826 13.81
12.7946 23.0385
21.455 18.836
21.2405 23.067
22.7585 17.0788
10.5164 21.6857
1.58336 24.9295
6.13213 21.5827
17.827 19.772
17.185 23.84
14.9088 17.3444
3.3085 22.5774
5.14843 19.9247
20.4286 19.1148
16.0028 13.4924
23.4779 18.2409
22.7615 15.174
5.61523 12.7528
5.787 23.062
24.5684 20.8937
14.9591 18.8819
5.111 19.299
20.772 13.0831
10.0301 13.9814
19.437 21.791
16.262 24.581
3.60381 21.4338
15.865 20.724
22.214 14.291
18.4391 19.51
11.4442 16.2728
22.205 17.642
3.99923 14.2874
21.82 15.301
4.58558 24.9434
15.5063 22.5106
4.74525 23.6732
18.6737 16.3192
24.476 20.768
24.6172 13.2963
18.0371 14.5437
1.45377 17.3846
13.109 14.079
22.6885 24.6972
17.2153 15.5324
9.019 24.005
23.9836 18.8207
8.627 18.502
6.942 19.566
21.0035 19.1988
19.737 18.322
15.9825 13.4047
12.542 16.096
24.7459 15.9936
3.76226 16.9304
14.2835 24.5591
23.649 17.82
10.9187 22.6533
18.554 15.5119
0.992304 20.3795
1.17479 19.0407
20.2346 19.2579
12.507 16.785
20.869 24.472
17.292 23.287
3.839 22.475
19.7869 23.7973
8.96023 21.4976
15.4053 14.9687
18.2521 15.8665
19.5755 16.9663
19.0189 14.2457
17.763 15.806
13.282 19.587
22.8967 14.4132
22.3 16.805
2.1885 19.4305
6.53301 23.0722
4.83614 19.8201
5.468 16.5
10.9651 20.5945
24.488 19.146
20.2408 17.5623
3.716 23.725
15.144 23.62
17.471 17.624
11.2321 24.8103
20.1568 20.7565
12.5014 17.1633
21.294 22.144
9.055 15.439
9.16962 18.7191
22.891 19.004
18.8256 21.5025
7.437 18.612
1.18244 21.661
8.792 22.129
19.273 24.608
15.8323 21.3379
13.2546 22.3098
18.1491 18.9911
18.111 23.586
14.6321 21.4605
18.924 20.0141
14.7512 13.9557
20.7329 24.1515
2.42567 22.1665
1.99406 24.6868
19.4412 17.4736
18.0881 18.1507
15.3766 21.8934
2.32761 19.4966
12.335 19.352
17.824 21.151
6.33775 19.3277
17.439 21.787
20.9693 12.8214
19.8419 17.0526
18.5956 20.2396
19.2423 12.2844
1.328 21.829
9.23744 19.9716
15.948 24.716
5.92893 19.0804
9.55485 22.8453
20.791 20.759
12.3131 21.3975
4.067 21.29
16.3249 18.3633
15.24 16.302
16.018 23.631
3.53199 14.5664
19.6847 24.3232
20.858 23.484
20.575 22.979
0.391071 17.1685
8.55633 19.9988
23.4442 21.434
10.398 22.412
5.347 12.89
23.2883 16.7877
21.573 19.282
17.261 20.144
3.353 21.826
1.41 22.406
9.173 24.25
14.0368 15.0906
22.9956 24.2679
6.529 24.234
18.516 20.338
23.8586 17.5045
8.867 21.225
15.8181 22.6614
24.261 16.77
21.7433 14.082
20.3046 15.0003
13.5967 21.594
2.21636 20.9616
16.7257 19.7913
15.7379 18.2339
12.3277 16.801
17.241 18.072
23.7862 15.4721
8.331 20.934
3.68189 22.1245
11.5936 19.9058
20.3383 23.4575
3.65873 15.3697
13.1292 14.3573
11.4279 22.4202
8.356 13.99
9.924 20.822
4.89677 23.1368
16.617 22.702
3.438 23.586
21.8185 22.0472
2.98192 13.4741
14.3415 14.5727
22.555 14.233
22.3242 15.313
9.66394 16.9319
15.6309 19.845
23.051 21.3139
24.6152 17.2269
9.65 22.825
12.4562 24.2707
9.186 18.594
20.273 24.506
18.4371 22.8316
6.94309 15.3221
22.1709 16.6286
2.88381 17.6465
13.4012 14.1992
5.17991 24.0467
2.609 19.637
19.5612 19.1815
8.88039 13.3339
10.757 20.917
12.7984 19.3363
9.09866 19.6712
3.66741 14.847
8.63705 21.8268
20.3034 16.5588
8.68514 15.3141
6.2208 14.6709
23.1851 13.9659
11.4321 16.3028
16.3933 21.2993
5.809 13.599
22.8016 13.1598
11.4633 14.3449
2.13764 17.5647
4.54267 14.8447
6.10806 21.7022
22.0246 19.9249
7.904 21.411
2.22979 21.5023
8.51712 13.3699
4.047 22.671
5.50038 14.1734
11.743 16.803
9.17695 21.2638
18.6235 18.4653
8.371 21.24
3.80174 21.9737
12.611 19.708
17.379 19.269
0.268238 24.063
20.838 20.3183
20.486 14.599
4.20499 15.7755
23.2386 16.7818
1.98616 13.0382
7.77889 13.6324
0.137 23.289
4.45513 17.5802
13.7342 21.7726
5.48997 20.6867
20.9417 22.0727
2.03831 21.6837
18.9143 23.4057
4.097 21.452
20.4403 16.3321
10.579 18.56
18.9025 23.6967
2.54831 23.3296
6.78397 18.8963
19.2642 14.2577
3.256 24.573
8.14955 24.2203
4.399 16.727
21.397 19.2761
10.448 22.055
24.924 24.064
7.961 14.987
6.20825 22.5537
5.718 20.562
22.661 17.208
8.83249 19.7203
20.4748 17.0979
0.924546 16.0597
17.633 21.074
11.061 23.861
11.9636 18.8792
22.6392 19.9142
4.19234 18.5818
17.0961 18.9197
19.7267 22.4146
24.55 15.8554
1.29382 19.5103
9.378 16.295
17.356 18.398
19.7782 20.1723
10.9795 17.4697
17.987 21.98
2.505 21.396
0.1847 20.2159
12.0232 14.6762
9.70083 22.5052
9.593 20.045
7.617 16.541
12.2672 24.335
7.125 17.258
6.71589 19.1192
24.345 21.115
12.1134 16.7044
23.388 18.925
13.97 19.726
11.267 14.434
6.39986 15.9113
15.482 23.12
9.15054 15.3415
7.119 20.085
2.28 24.391
8.74699 12.8694
22.3166 22.9983
20.0764 20.5928
16.0301 17.109
8.991 16.638
23.5421 24.6467
18.0638 17.8536
18.564 24.0511
14.033 15.177
14.6305 13.5332
13.0047 12.604
20.5377 16.9597
12.418 14.2751
20.706 20.163
21.249 18.493
11.2675 19.7581
18.223 20.1587
21.549 21.905
2.36599 22.9859
5.48011 16.6278
12.499 14.859
10.7983 18.2835
6.682 12.638
24.313 18.516
2.11479 15.0083
20.0152 18.4188
20.5775 18.343
16.1407 13.9361
18.809 19.604
15.5378 12.7279
6.446 13.1
19.8385 18.0404
10.7078 17.5784
11.1992 17.0305
18.505 15.8758
13.584 16.588
0.215058 23.8544
21.35 21.327
12.8846 21.9659
7.78577 13.8642
11.3572 17.9259
3.7457 14.8464
4.42872 12.7249
3.859 15.175
24.3004 21.3188
6.92276 17.2765
1.7275 15.6171
12.379 15.9494
9.74965 20.2004
23.45 16.108
8.27644 21.4117
2.868 22.944
12.5846 19.3798
22.5297 16.5966
24.2962 16.9391
12.5985 23.6908
16.106 23.068
10.782 19.4899
14.532 14.972
22.5617 24.7214
3.408 22.636
9.4192 16.3645
13.2332 18.6951
13.5631 12.8111
13.6698 19.3052
10.0991 13.8585
19.8863 12.3532
9.34777 19.0316
24.2406 14.3178
16.0501 13.0702
18.831 22.865
20.675 14.149
6.05957 12.9505
9.84131 19.2302
14.2294 22.0016
10.4349 17.5081
20.726 14.122
24.011 20.163
13.9019 21.0085
13.2585 20.2535
1.58919 13.1927
11.084 19.584
23.075 19.435
6.55437 16.2992
6.32673 15.614
12.983 20.5768
9.28685 19.6091
9.58198 18.0245
4.99003 16.2746
10.7623 20.8469
1.92325 18.8124
11.614 21.834
1.81622 18.8218
15.723 18.276
1.53738 15.8443
9.68542 17.6015
23.2657 22.9159
11.609 18.634
11.6827 18.2864
1.084 20.342
7.227 22.087
15.362 18.212
18.2032 19.5321
0.970626 15.6378
14.391 14.189
7.823 20.938
22.2386 23.7128
11.0639 24.0833
2.45057 19.7187
6.057 13.196
15.854 23.591
12.5808 14.2678
9.36157 22.2438
3.884 14.652
22.92 21.404
19.3624 24.3137
4.564 21.151
9.347 18.715
17.306 19.987
24.81 23.69
6.636 24.972
6.4934 21.9302
24.156 19.936
4.40246 23.2952
20.6591 21.241
5.144 17.55
12.537 15.42
8.87792 13.8168
22.2157 16.8292
4.579 20.856
15.792 15.551
16.99 15.972
2.401 20.507
24.1141 17.3588
0.882992 21.7199
3.385 19.11
1.18666 13.3224
6.051 18.108
19.8878 15.3214
15.8257 24.9997
10.1192 21.1745
15.398 16.368
20.415 15.054
9.165 21.586
6.78 18.123
7.33192 18.7599
21.1801 24.0016
10.3042 16.3277
12.6744 13.757
3.319 19.021
9.075 15.037
21.4473 22.1671
8.55039 23.8581
13.83 15.908
24.873 18.81
10.5313 14.5181
24.3293 15.6296
22.3498 17.0619
19.0993 12.4633
2.40992 16.5787
7.724 13.672
1.82512 14.4487
9.78645 20.2034
18.099 23.427
20.4437 15.0693
10.2486 19.3925
17.9207 19.0111
6.992 12.585
8.29545 17.7355
21.486 16.978
13.4468 14.8315
14.962 21.72
23.044 16.515
17.2906 12.3881
15.7554 23.1451
15.6506 20.2949
14.623 17.109
18.9192 14.7986
4.504 22.651
19.371 17.599
17.2989 19.2954
14.3006 12.511
14.915 12.4415
6.52096 22.0436
11.2762 17.1486
23.1 19.425
14.7909 17.8654
23.3732 19.564
18.2352 24.5017
15.035 12.916
15.358 16.286
3.329 23.107
8.60802 19.3726
19.437 21.645
12.9329 23.0057
14.3167 18.6106
9.61591 13.0115
10.3542 18.1327
5.451 20.587
1.37678 22.1024
6.19096 21.986
8.632 17.209
0.662985 19.791
2.18355 19.9555
4.24039 23.6159
13.5752 21.0664
22.153 16.54
17.8617 18.6395
9.53598 16.6859
18.256 16.648
19.8586 19.9168
19.8831 12.8053
21.4184 20.7572
9.7698 15.3662
23.9268 20.6352
22.4807 23.7896
21.616 15.8474
9.56993 23.9641
3.393 13.1009
24.6865 23.207
7.5 23.016
8.335 19.479
19.333 18.517
7.917 13.226
21.203 19.889
12.6603 23.6719
14.2473 21.4496
12.666 14.789
16.5402 18.2022
22.4377 24.9168
17.368 19.6907
11.2272 18.3342
22.111 15.048
22.295 18.548
5.769 17.177
12.7828 16.1722
16.964 24.886
8.069 22.245
4.18864 20.7766
9.77791 18.0165
1.57822 18.5474
8.09 18.65
15.0738 23.6396
15.73 20.893
11.7633 24.1497
0.721 21.171
24.8644 14.7207
10.37 24.916
3.80755 20.2562
0.028 21.649
4.342 18.701
14.594 16.215
0.757154 13.78
16.3885 14.4599
10.842 16.2
0.257493 19.5492
17.275 16.493
13.142 14.53
20.0843 20.4567
4.75636 17.0268
21.153 22.419
0.257 22.599
13.799 12.298
20.5432 21.666
22.801 13.611
4.34703 20.8601
17.742 15.982
6.305 17.396
14.814 21.604
1.60239 24.9741
19.7654 23.4975
14.789 23.405
12.016 16.779
18.4084 23.2915
22.8984 19.4132
3.52107 18.4061
24.1334 22.3528
12.9134 24.5135
20.1022 21.7255
7.57329 22.507
0.014 18.572
3.71501 14.2781
11.5722 19.7554
12.2241 20.2426
16.73 23.336
7.516 24.411
12.0797 15.1947
1.64301 14.5744
12.1728 13.7255
18.039 16.166
10.2708 15.544
7.11314 15.0162
20.9215 15.6669
13.0383 15.3929
0.974539 13.4492
16.339 24.378
3.4188 22.8435
22.2819 16.4152
2.536 23.912
17.2105 17.3505
11.2284 16.2083
3.77438 14.9848
15.7049 12.3452
4.729 12.834
2.30096 16.115
12.3151 14.1711
3.673 24.999
15.0475 12.8308
0.628901 18.5692
5.36383 23.8612
6.04149 24.1323
16.5559 19.0239
22.1249 23.2318
7.71332 13.7317
5.167 19.189
3.43401 20.1314
11.696 18.978
2.534 21.736
15.1708 18.1466
9.158 17.326
15.112 19.609
14.1546 20.8165
24.103 17.6955
24.4703 21.7152
1.19677 23.0792
15.0747 21.3364
6.70434 24.8927
5.29 14.931
21.5285 14.3207
23.5689 13.6042
23.114 19.6742
1.08791 12.9602
7.436 16.075
1.969 23.478
21.2977 23.9975
8.3882 16.7572
18.1824 21.06
8.79178 18.3075
19.181 22.717
15.0677 21.4966
22.987 24.146
13.0262 19.0507
2.078 20.207
13.923 12.932
12.3637 24.5109
8.18892 16.5583
8.95 24.849
0.636125 16.7068
21.331 16.7861
8.32755 23.0362
20.886 15.436
3.369 18.885
22.1474 24.2955
19.456 23.809
23.0046 24.4074
15.9832 15.6351
12.6809 24.4762
15.547 21.345
11.781 24.907
18.791 22.26
5.482 23.411
22.221 17.891
10.7549 21.7164
7.07222 13.5584
24.0912 13.513
5.58769 15.1449
0.0824337 17.63
22.9098 18.1688
14.0093 20.8293
11.0909 24.4278
9.10618 15.3839
12.502 13.316
12.9787 15.3079
12.798 22.6498
23.9821 21.0491
3.41633 15.7218
16.6231 13.9768
15.507 22.759
23.797 19.605
7.921 13.817
21.0788 21.5986
14.88 18.52
4.10203 14.04
21.4617 19.681
10.4137 21.1352
1.75087 24.1275
0.380888 14.0344
2.01811 17.6973
16.339 17.357
10.877 20.562
16.5532 17.0378
20.098 23.49
7.54074 23.7376
24.2465 20.5704
24.7963 13.6751
21.146 22.195
9.55382 19.8047
24.028 23.385
1.65018 20.2121
20.0882 15.3415
2.49 22.181
8.14813 19.6899
14.812 16.373
13.568 13.366
16.831 17.146
11.6268 19.9653
0.664146 23.4617
15.0199 13.9069
15.276 23.859
13.5638 19.768
9.28053 16.0969
8.84071 18.0588
19.374 14.314
3.29315 21.2093
5.34338 14.8608
16.5376 24.7688
21.8052 18.7484
0.444878 21.2631
24.785 12.3904
5.89 15.836
1.81464 23.848
13.043 17.536
4.98042 13.6571
20.2084 23.1269
7.462 20.306
6.71299 17.9086
19.9155 12.3783
21.8879 23.7082
11.75 21.195
13.731 16.331
18.9282 18.9527
2.27506 18.1313
13.0152 19.8591
13.46 20.637
13.1713 21.9606
21.1226 23.9219
11.311 13.858
11.9382 18.5144
20.1971 14.3263
7.87262 13.2784
5.81598 16.0413
24.611 17.941
16.1861 12.5149
22.395 19.108
7.966 22.803
6.407 21.91
22.531 17.965
24.5579 24.2543
12.4492 13.5914
19.7409 17.9239
18.824 17.749
11.655 24.448
22.7642 20.5036
0.550129 16.3277
7.87762 23.1013
16.8158 20.0127
21.3323 14.5709
16.202 18.647
11.396 16.977
11.5042 18.5378
8.25385 16.1808
15.4663 21.5837
21.608 21.826
9.28711 22.8466
7.83086 23.7996
13.597 24.41
23.1325 17.3582
1.84 22.861
13.9413 16.8643
14.8612 17.8073
17.468 24.388
17.93 18.778
20.267 15.825
9.94265 13.743
14.8314 13.0104
24.58 20.148
11.287 21.252
0.772312 23.7233
2.713 21.67
15.448 22.098
12.923 17.303
22.26 23.052
18.3733 20.7276
14.0043 21.3678
2.14525 22.9796
2.43291 13.1517
14.2076 12.4347
17.0154 19.385
14.8158 22.7138
11.6177 16.6234
14.319 15.288
18.362 21.0816
5.008 22.198
9.208 15.204
24.5094 13.8627
5.98876 18.4207
12.818 14.214
15.492 12.384
1.82099 23.7087
19.724 19.305
10.4187 14.1363
21.406 19.522
12.8937 19.1351
17.1431 18.3765
10.061 21.139
24.9138 23.8507
12.943 17.0407
6.75172 15.8699
7.867 18.026
12.548 12.805
15.6282 12.4712
19.3038 18.1228
6.63948 20.035
11.031 18.028
23.4575 17.6218
18.36 24.641
9.38323 21.0077
13.9342 23.4096
8.42408 13.7596
21.089 23.701
11.5531 24.6022
2.27861 18.9764
21.5471 12.578
7.95547 16.1956
23.2145 19.7475
15.0911 12.3837
24.8705 13.2869
7.622 17.807
1.312 22.844
15.0389 18.9559
3.03125 13.4335
11.197 17.998
18.8826 13.2064
11.842 18.923
12.8437 15.7261
8.605 21.735
2.18763 14.231
10.936 17.857
2.902 17.241
10.239 17.586
10.0065 24.9534
7.57876 24.4646
15.1674 21.0937
8.895 21.701
2.13135 19.8891
24.8716 21.2267
2.37526 16.6389
13.7802 20.9745
6.12234 19.4363
20.4 14.386
1.81493 22.9684
9.673 21.134
1.955 24.092
9.074 18.252
12.5993 20.166
21.2834 13.6078
17.2284 18.0673
22.789 18.913
13.8149 17.2491
21.728 23.693
23.1229 20.1643
1.81113 21.4459
19.421 16.914
9.5887 18.5196
17.335 19.737
20.3175 12.4055
20.303 24.237
22.93 17.768
12.5911 12.4198
16.56 20.731
12.645 19.383
3.315 23.011
17.749 16.88
12.9243 20.6852
14.7187 16.2356
6.796 14.639
4.671 20.693
0.101271 22.6146
21.968 13.037
11.048 23.832
11.4762 22.6494
22.2799 20.7491
0.956977 18.117
8.32374 22.2099
3.22857 17.2071
11.722 20.8753
18.906 17.263
14.4909 14.4213
11.26 18.948
6.078 18.304
2.5666 18.4966
3.72447 23.4622
6.90392 23.0827
6.139 15.16
7.423 19.981
1.37527 13.492
7.698 14.436
12.5999 19.8699
9.84727 15.0937
2.48978 15.3756
8.9749 17.3215
11.0303 14.4973
20.121 21.406
14.0247 12.5783
6.14579 22.7007
21.7599 22.7365
21.1317 23.5414
0.803138 18.5826
12.8256 24.2877
7.605 21.491
17.898 21.485
3.79553 18.8437
16.5887 16.4425
1.21085 22.2236
18.7298 16.9256
0.784 20.669
3.134 20.749
10.9461 23.5666
13.405 19.4041
12.7861 13.3683
16.4298 23.52
17.061 21.637
13.3657 20.7311
9.86166 24.2715
9.16714 13.9396
6.88926 20.8462
21.705 19.428
3.531 22.216
12.8278 21.9256
9.175 17.888
7.94202 24.6356
9.93576 15.9179
5.913 23.325
9.187 23.69
18.118 24.027
14.3491 22.1789
15.101 18.838
0.1125 21.2229
0.959332 18.207
4.87197 22.6122
5.992 14.716
13.406 16.008
15.035 12.335
14.899 14.999
8.837 23.971
12.0813 12.9295
9.258 19.77
6.34602 20.3537
19.275 16.787
7.794 19.681
7.016 17.378
0.398517 18.8475
1.7094 21.3413
0.103593 24.2341
19.6588 12.1635
7.78641 24.0911
0.866467 20.1776
7.26714 20.6803
7.86163 16.843
4.42913 21.9238
3.61695 17.1051
15.6356 22.5191
6.90403 22.0051
12.9387 22.1914
11.016 20.838
0.552361 22.6488
24.001 18.167
10.7077 18.31
20.0131 20.0337
16.3226 12.7194
7.3761 15.4387
16.461 18.062
13.9 15.002
17.6663 15.4446
14.6143 12.9517
4.37163 14.8361
2.85821 14.4219
4.66367 20.0253
19.7475 12.2157
21.7569 15.5621
23.2181 16.4626
9.0079 18.5467
18.0882 18.9381
15.2416 16.7255
18.0985 16.0105
4.149 19.812
3.5158 15.3419
2.372 23.919
8.208 13.077
3.13796 13.7534
1.06539 23.2199
10.8001 18.4304
18.886 18.3651
4.55761 13.8802
23.9008 24.6888
13.0497 20.2893
24.9117 20.3709
23.133 13.026
7.14721 15.8211
1.01319 14.5967
16.642 23.395
18.266 16.2656
15.8596 17.2681
7.317 16.03
7.28299 20.4195
2.32203 19.1473
19.6908 19.0119
10.7614 19.9011
8.603 16.352
7.965 17.381
20.0598 17.1404
22.4763 23.1773
13.146 16.814
6.07738 23.4303
9.31373 15.8003
14.8304 23.2068
15.4485 13.4986
7.28035 21.732
10.873 23.986
6.975 12.9
4.714 22.252
24.525 18.681
22.951 17.558
22.394 22.969
3.278 19.564
19.3651 16.0011
7.985 24.39
15.021 23.2921
7.45053 21.2648
5.211 21.762
16.9374 17.6326
9.72877 19.1429
4.10027 24.2793
7.40171 21.594
9.449 18.872
1.783 20.051
6.581 17.364
23.4814 21.6821
2.68694 18.2602
6.644 20.455
23.482 20.355
5.414 20.69
14.1658 15.2459
15.4029 16.6069
14.1106 19.2568
12.7435 21.4311
8.48192 21.2272
20.898 18.372
9.48219 19.3466
0.087307 20.3582
0.899 20.606
2.26021 20.5307
21.4743 19.0645
18.2385 24.4346
18.8993 14.7871
19.012 15.19
21.5988 16.8544
16.2073 17.9961
12.026 19.6592
17.7575 20.8438
2.46803 17.7891
1.69471 21.9512
11.2277 18.6893
0.0864592 18.3729
18.7845 21.1171
23.3519 20.42
17.8456 13.382
24.8801 20.9769
2.382 24.841
1.21053 20.0144
19.0921 23.433
16.339 24.911
21.5993 12.2943
12.0259 13.5445
20.776 17.447
3.60763 20.8352
23.3885 14.2608
3.97547 22.0681
18.5323 14.593
8.435 17.412
3.314 24.546
21.2187 20.3275
18.957 21.139
5.786 20.472
23.053 18.171
21.1242 20.8738
17.8806 21.0302
18.799 18.125
14.8173 16.1298
22.4703 21.6492
1.586 24.142
13.1348 17.6914
4.333 22.845
8.24932 20.2301
2.969 24.996
0.674677 19.3671
22.1501 23.0811
20.1336 23.0811
10.229 23.184
9.345 19.176
17.021 24.799
13.7204 22.2411
15.955 15.36
16.059 20
2.127 21.39
7.476 20.926
4.04388 24.2516
19.568 20.059
5.32144 14.4404
18.022 19.889
18.6464 21.2765
21.708 12.921
0.725687 20.0173
10.813 17.395
13.571 16.1088
18.6031 20.2361
14.7766 16.4038
7.088 18.785
20.493 22.623
0.720829 15.8413
4.79841 13.6996
21.965 21.134
12.5637 22.9859
14.9068 15.7671
23.1819 21.5745
15.0589 14.6341
4.49282 16.073
18.743 17.939
22.509 19.334
4.77185 14.7447
9.02632 19.7683
1.04675 16.7361
10.0525 17.7671
18.9904 17.7482
14.956 22.393
15.333 12.692
7.026 13.937
16.168 16.542
19.2298 20.0759
0.343126 14.558
8.32099 15.6868
20.488 19.042
18.4767 22.9586
20.44 23.898
1.1016 19.4074
18.467 16.095
6.145 24.246
1.5403 21.793
10.8742 24.2799
11.2843 13.6776
21.6618 20.8443
23.2852 21.2045
12.4513 24.9017
18.854 13.4032
3.222 23.847
17.3478 19.8308
7.36662 21.3187
3.34 20.758
16.4164 18.3323
16.1055 13.192
8.09901 13.3236
5.48226 22.1093
3.05018 12.7695
11.099 18.414
2.943 22.969
18.727 23.974
5.13025 14.2283
7.46136 19.8415
6.765 13.402
20.036 19.528
10.7832 20.1086
21.6561 14.7756
10.5777 19.5838
18.0716 23.6303
0.111368 18.7089
4.773 18.869
7.271 15.565
21.9035 18.5924
17.2833 16.204
18.6586 17.1704
16.4413 18.4043
16.3971 22.2628
17.424 20.526
5.72019 13.5707
10.6509 23.5491
22.2841 19.6391
11.955 16.475
0.951706 21.685
7.25565 22.0219
14.1375 19.0952
10.1129 16.7178
9.306 21.91
24.5266 20.5431
5.24667 18.0124
19.258 20.284
5.38273 16.9289
16.634 17.1334
5.983 19.568
23.876 23.263
16.7793 19.361
6.594 23.575
1.358 21.109
16.394 16.773
24.2818 12.4191
13.4502 20.089
0.12487 18.221
11.4429 18.5631
23.893 19.33
13.5429 12.3183
21.452 14.98
7.21894 21.9389
9.13 19.538
21.1558 17.7208
2.99539 19.212
20.4446 13.4795
23.934 18.1353
7.10008 13.4655
8.833 24.164
6.091 13.739
21.1473 15.2846
1.79449 24.9317
23.2374 22.231
15.4638 16.8698
3.79663 12.846
6.83257 13.0893
0.763 21.617
4.49368 19.722
9.07016 24.4628
16.297 23.7434
9.37 16.728
24.2271 19.2099
1.46646 19.6923
10.75 18.868
13.3087 18.7837
6.106 15.445
24.307 20.578
4.85826 20.2326
15.6984 21.7638
7.378 18.31
8.99912 24.8284
9.20776 23.9653
16.358 18.094
14.6843 19.9529
10.2784 18.9452
19.799 20.773
23.522 23.607
16.918 16.476
12.6312 18.1054
2.64582 19.3519
13.4074 20.1629
4.62783 24.3223
5.87506 14.6547
21.1892 15.5189
16.9733 17.9775
6.30146 23.2281
6.20461 13.6682
10.4435 21.7581
6.02692 16.7296
3.89812 20.3748
2.48291 24.9521
18.668 15.116
15.373 16.041
3.22156 17.2776
6.233 13.441
21.054 15.671
20.503 24.953
12.423 19.529
18.2173 20.534
5.48856 19.6438
12.7809 14.2876
7.19 24.142
12.583 12.354
3.70192 15.9785
11.7306 13.4069
20.1268 24.3129
22.934 18.964
21.197 18.3845
19.194 22.657
21.799 20.075
7.429 20.78
6.03 14.789
13.306 13.036
22.13 20.957
14.921 16.179
5.412 18.178
22.9441 13.0268
17.8874 21.5459
11.576 15.033
13.9883 12.3786
15.97 22.7
1.52436 23.1756
23.3082 12.6657
10.3123 18.9196
14.888 22.753
8.26777 15.2893
23.7836 19.1852
13.5385 15.9307
6.80972 21.9428
12.9169 23.6341
20.0236 18.2937
21.001 22.481
1.35419 19.9806
2.67185 18.4905
19.0336 16.6627
3.212 20.887
22.6075 21.7279
7.57747 13.1279
9.027 23.222
20.703 14.147
17.036 17.763
18.3806 23.6524
10.269 18.311
19.119 24.4712
8.45581 20.7503
7.33028 13.8805
9.11441 23.1607
2.489 13.272
6.035 22.365
5.994 22.421
15.732 18.691
1.867 20.709
7.087 16.536
4.318 13.411
4.81017 14.5889
18.34 19.675
17.3269 21.9929
4.42142 22.0082
7.037 19.04
22.1606 13.0513
14.2897 15.9373
24.219 19.936
6.78542 21.6094
20.0682 20.4204
15.975 17.194
0.0163088 21.922
14.6905 14.4443
11.961 19.195
12.6771 12.8465
7.93933 21.9996
16.619 17.1731
14.383 12.439
18.7772 16.7093
12.2637 17.9542
11.919 19.231
13.426 16.65
13.1538 19.5706
17.1982 21.9583
20.7879 20.698
1.51404 20.7842
6.077 13.745
20.041 20.545
14.777 21.016
12.665 14.556
10.298 19.284
20.1295 20.8343
0.0193443 20.0702
4.839 21.004
9.749 24.991
22.1944 23.1465
7.51384 16.8632
3.85738 19.5914
4.432 12.645
3.39466 14.1084
10.581 24.95
20.954 22.038
20.3647 20.6285
18.777 22.243
14.834 16.394
18.2303 22.4902
4.575 17.451
21.6233 14.0349
3.60539 24.4037
5.70778 14.3952
7.13422 14.0949
13.109 21.5646
9.268 19.595
16.4764 16.2926
22.508 24.318
17.0816 16.9023
8.4709 17.5551
3.13493 23.9386
6.244 19.07
7.22158 20.5775
8.637 19.339
2.48827 18.8309
20.3337 13.7211
4.00366 20.7405
12.9952 22.4567
16.8432 20.1067
19.524 12.789
20.784 20.4385
18.626 18.8147
8.506 16.893
22.511 13.874
1.49384 24.0368
12.396 17.122
12.7975 21.5954
6.10361 18.4713
4.28892 17.4136
5.948 18.531
22.4132 15.6541
16.32 19.627
24.3167 17.3592
4.53872 22.6226
19.4066 12.7786
8.30434 17.2593
19.9996 13.3144
24.3263 19.2263
12.679 12.783
3.29405 13.3457
15.4451 18.7687
